0.00784313725490196,0.07450980392156863,0.027450980392156862
0.00784313725490196,0.07450980392156863,0.027450980392156862
0.011764705882352941,0.0784313725490196,0.043137254901960784
0.01568627450980392,0.08627450980392157,0.058823529411764705
0.0196078431372549,0.09803921568627451,0.07450980392156863
0.023529411764705882,0.11372549019607843,0.08627450980392157
0.027450980392156862,0.12941176470588234,0.10196078431372549
0.03137254901960784,0.14901960784313725,0.11764705882352941
0.03529411764705882,0.17254901960784313,0.13333333333333333
0.050980392156862744,0.2,0.15294117647058825
0.043137254901960784,0.22745098039215686,0.16862745098039217
0.050980392156862744,0.2549019607843137,0.1843137254901961
0.054901960784313725,0.28627450980392155,0.2
0.058823529411764705,0.3176470588235294,0.21568627450980393
0.06274509803921569,0.34901960784313724,0.23137254901960785
0.06666666666666667,0.38431372549019605,0.24705882352941178
0.07058823529411765,0.4156862745098039,0.2627450980392157
0.07450980392156863,0.45098039215686275,0.2784313725490196
0.08235294117647059,0.48627450980392156,0.29411764705882354
0.08627450980392157,0.5176470588235293,0.3058823529411765
0.09019607843137255,0.5490196078431373,0.32156862745098036
0.09411764705882353,0.580392156862745,0.33725490196078434
0.09803921568627451,0.6078431372549019,0.3529411764705882
0.10196078431372549,0.6352941176470588,0.36470588235294116
0.10588235294117647,0.6627450980392157,0.3803921568627451
0.10980392156862745,0.6862745098039216,0.39215686274509803
0.11764705882352941,0.7058823529411764,0.403921568627451
0.12156862745098039,0.7215686274509804,0.4196078431372549
0.12549019607843137,0.7372549019607844,0.43137254901960786
0.12941176470588234,0.7490196078431373,0.44313725490196076
0.13333333333333333,0.7568627450980392,0.4549019607843137
0.13725490196078433,0.7607843137254902,0.4666666666666667
0.1411764705882353,0.7647058823529411,0.4784313725490196
0.14509803921568626,0.7607843137254902,0.49019607843137253
0.14901960784313725,0.7568627450980392,0.5019607843137255
0.15294117647058825,0.7490196078431373,0.5098039215686274
0.15294117647058825,0.7372549019607844,0.5215686274509804
0.1568627450980392,0.7215686274509804,0.5333333333333333
0.16078431372549018,0.7058823529411764,0.5450980392156862
0.16470588235294117,0.6862745098039216,0.5529411764705883
0.16862745098039217,0.6627450980392157,0.5647058823529412
0.17254901960784313,0.6352941176470588,0.5764705882352941
0.1764705882352941,0.6078431372549019,0.5882352941176471
0.1803921568627451,0.580392156862745,0.6
0.1803921568627451,0.5490196078431373,0.611764705882353
0.1843137254901961,0.5176470588235293,0.6235294117647059
0.18823529411764706,0.48627450980392156,0.6352941176470588
0.19215686274509802,0.45098039215686275,0.6470588235294118
0.19607843137254902,0.4196078431372549,0.6627450980392157
0.2,0.38431372549019605,0.6745098039215687
0.20392156862745098,0.34901960784313724,0.6901960784313725
0.20784313725490194,0.3176470588235294,0.7058823529411764
0.21176470588235294,0.28627450980392155,0.7215686274509804
0.21568627450980393,0.2549019607843137,0.7372549019607844
0.2196078431372549,0.22745098039215686,0.7529411764705882
0.22352941176470587,0.2,0.7686274509803921
0.22745098039215686,0.17254901960784313,0.788235294117647
0.23137254901960785,0.14901960784313725,0.803921568627451
0.23529411764705882,0.12941176470588234,0.8235294117647058
0.2392156862745098,0.11372549019607843,0.8431372549019608
0.24313725490196078,0.09803921568627451,0.8627450980392157
0.24705882352941178,0.08627450980392157,0.8823529411764706
0.2549019607843137,0.0784313725490196,0.9019607843137255
0.2588235294117647,0.07450980392156863,0.9215686274509803
0.2627450980392157,0.07450980392156863,0.9450980392156862
0.26666666666666666,0.07450980392156863,0.9647058823529412
0.27450980392156865,0.0784313725490196,0.984313725490196
0.2784313725490196,0.08627450980392157,0.9921568627450981
0.2823529411764706,0.09803921568627451,0.9725490196078431
0.2901960784313725,0.11372549019607843,0.9529411764705882
0.29411764705882354,0.12941176470588234,0.9294117647058824
0.30196078431372547,0.14901960784313725,0.9098039215686274
0.3058823529411765,0.17254901960784313,0.8901960784313725
0.30980392156862746,0.2,0.8705882352941177
0.3176470588235294,0.22745098039215686,0.8509803921568627
0.32156862745098036,0.2549019607843137,0.8313725490196078
0.32941176470588235,0.28627450980392155,0.8117647058823529
0.3333333333333333,0.3176470588235294,0.792156862745098
0.33725490196078434,0.34901960784313724,0.7764705882352941
0.34509803921568627,0.38431372549019605,0.7607843137254902
0.34901960784313724,0.4196078431372549,0.7450980392156863
0.3529411764705882,0.45098039215686275,0.7294117647058823
0.3607843137254902,0.48627450980392156,0.7137254901960784
0.36470588235294116,0.5176470588235293,0.7019607843137254
0.3686274509803922,0.5490196078431373,0.6901960784313725
0.37254901960784315,0.580392156862745,0.6745098039215687
0.3803921568627451,0.6078431372549019,0.6666666666666666
0.38431372549019605,0.6352941176470588,0.6549019607843137
0.38823529411764707,0.6627450980392157,0.6470588235294118
0.39215686274509803,0.6862745098039216,0.6352941176470588
0.396078431372549,0.7058823529411764,0.6274509803921569
0.4,0.7215686274509804,0.6196078431372549
0.403921568627451,0.7372549019607844,0.615686274509804
0.403921568627451,0.7490196078431373,0.6078431372549019
0.40784313725490196,0.7568627450980392,0.6039215686274509
0.4117647058823529,0.7607843137254902,0.596078431372549
0.4156862745098039,0.7647058823529411,0.592156862745098
0.4196078431372549,0.7607843137254902,0.5882352941176471
0.4196078431372549,0.7568627450980392,0.580392156862745
0.4235294117647059,0.7490196078431373,0.5764705882352941
0.4235294117647059,0.7372549019607844,0.5725490196078431
0.42745098039215684,0.7215686274509804,0.5647058823529412
0.43137254901960786,0.7058823529411764,0.5607843137254902
0.43137254901960786,0.6862745098039216,0.5529411764705883
0.43529411764705883,0.6627450980392157,0.5490196078431373
0.43529411764705883,0.6352941176470588,0.5411764705882353
0.4392156862745098,0.6078431372549019,0.5333333333333333
0.44313725490196076,0.580392156862745,0.5254901960784314
0.44313725490196076,0.5490196078431373,0.5176470588235293
0.44705882352941173,0.5176470588235293,0.5058823529411764
0.44705882352941173,0.48627450980392156,0.49411764705882355
0.45098039215686275,0.45098039215686275,0.4823529411764706
0.4549019607843137,0.4156862745098039,0.47058823529411764
0.4588235294117647,0.38431372549019605,0.4549019607843137
0.4588235294117647,0.34901960784313724,0.44313725490196076
0.4627450980392157,0.3176470588235294,0.4235294117647059
0.4666666666666667,0.28627450980392155,0.40784313725490196
0.47058823529411764,0.2549019607843137,0.38823529411764707
0.4745098039215686,0.22745098039215686,0.3686274509803922
0.4784313725490196,0.2,0.34901960784313724
0.4823529411764706,0.17254901960784313,0.3254901960784314
0.48627450980392156,0.14901960784313725,0.3058823529411765
0.49019607843137253,0.12941176470588234,0.2823529411764706
0.4980392156862745,0.11372549019607843,0.2549019607843137
0.5019607843137255,0.09803921568627451,0.23137254901960785
0.5058823529411764,0.08627450980392157,0.20784313725490194
0.5137254901960784,0.0784313725490196,0.1803921568627451
0.5176470588235293,0.07450980392156863,0.15294117647058825
0.5254901960784314,0.07450980392156863,0.12549019607843137
0.5294117647058824,0.07450980392156863,0.09803921568627451
0.5372549019607843,0.0784313725490196,0.07058823529411765
0.5411764705882353,0.08627450980392157,0.043137254901960784
0.5490196078431373,0.09803921568627451,0.0196078431372549
0.5568627450980392,0.11372549019607843,0.9921568627450981
0.5607843137254902,0.12941176470588234,0.9647058823529412
0.5686274509803921,0.14901960784313725,0.9372549019607843
0.5764705882352941,0.17254901960784313,0.9137254901960784
0.5843137254901961,0.2,0.8901960784313725
0.5882352941176471,0.22745098039215686,0.8666666666666667
0.596078431372549,0.2549019607843137,0.8431372549019608
0.6039215686274509,0.28627450980392155,0.8235294117647058
0.6078431372549019,0.3176470588235294,0.803921568627451
0.615686274509804,0.34901960784313724,0.7843137254901961
0.6196078431372549,0.38431372549019605,0.7647058823529411
0.6274509803921569,0.4196078431372549,0.7490196078431373
0.6313725490196078,0.45098039215686275,0.7372549019607844
0.6392156862745098,0.48627450980392156,0.7215686274509804
0.6431372549019607,0.5176470588235293,0.7098039215686275
0.6509803921568628,0.5490196078431373,0.6980392156862745
0.6549019607843137,0.580392156862745,0.6901960784313725
0.6588235294117647,0.6078431372549019,0.6823529411764706
0.6627450980392157,0.6352941176470588,0.6745098039215687
0.6666666666666666,0.6627450980392157,0.6705882352941176
0.6705882352941176,0.6862745098039216,0.6666666666666666
0.6745098039215687,0.7058823529411764,0.6627450980392157
0.6784313725490196,0.7215686274509804,0.6627450980392157
0.6823529411764706,0.7372549019607844,0.6588235294117647
0.6823529411764706,0.7490196078431373,0.6588235294117647
0.6862745098039216,0.7568627450980392,0.6588235294117647
0.6862745098039216,0.7607843137254902,0.6588235294117647
0.6901960784313725,0.7647058823529411,0.6627450980392157
0.6901960784313725,0.7607843137254902,0.6627450980392157
0.6941176470588235,0.7568627450980392,0.6627450980392157
0.6941176470588235,0.7490196078431373,0.6627450980392157
0.6980392156862745,0.7372549019607844,0.6666666666666666
0.6980392156862745,0.7215686274509804,0.6666666666666666
0.6980392156862745,0.7058823529411764,0.6666666666666666
0.6980392156862745,0.6862745098039216,0.6627450980392157
0.7019607843137254,0.6627450980392157,0.6627450980392157
0.7019607843137254,0.6352941176470588,0.6588235294117647
0.7019607843137254,0.6078431372549019,0.6549019607843137
0.7058823529411764,0.580392156862745,0.6509803921568628
0.7058823529411764,0.5490196078431373,0.6431372549019607
0.7058823529411764,0.5176470588235293,0.6352941176470588
0.7098039215686275,0.48627450980392156,0.6274509803921569
0.7098039215686275,0.45098039215686275,0.615686274509804
0.7137254901960784,0.4156862745098039,0.6039215686274509
0.7137254901960784,0.38431372549019605,0.5882352941176471
0.7176470588235294,0.34901960784313724,0.5725490196078431
0.7215686274509804,0.3176470588235294,0.5529411764705883
0.7215686274509804,0.28627450980392155,0.5333333333333333
0.7254901960784313,0.2549019607843137,0.5137254901960784
0.7294117647058823,0.22745098039215686,0.49019607843137253
0.7333333333333333,0.2,0.4666666666666667
0.7372549019607844,0.17254901960784313,0.4392156862745098
0.7450980392156863,0.14901960784313725,0.4156862745098039
0.7490196078431373,0.12941176470588234,0.38431372549019605
0.7529411764705882,0.11372549019607843,0.3568627450980392
0.7607843137254902,0.09803921568627451,0.3254901960784314
0.7647058823529411,0.08627450980392157,0.29411764705882354
0.7725490196078432,0.0784313725490196,0.2627450980392157
0.7764705882352941,0.07450980392156863,0.22745098039215686
0.7843137254901961,0.07450980392156863,0.19607843137254902
0.792156862745098,0.07450980392156863,0.16078431372549018
0.8,0.0784313725490196,0.12941176470588234
0.807843137254902,0.08627450980392157,0.09411764705882353
0.8156862745098039,0.09803921568627451,0.06274509803921569
0.8235294117647058,0.11372549019607843,0.03137254901960784
0.8313725490196078,0.12941176470588234,1.
0.8392156862745098,0.14901960784313725,0.9686274509803922
0.8470588235294118,0.17254901960784313,0.9372549019607843
0.8549019607843137,0.2,0.9098039215686274
0.8627450980392157,0.22745098039215686,0.8823529411764706
0.8705882352941177,0.2549019607843137,0.8588235294117647
0.8784313725490196,0.28627450980392155,0.8352941176470589
0.8823529411764706,0.3176470588235294,0.8117647058823529
0.8901960784313725,0.34901960784313724,0.792156862745098
0.8980392156862745,0.38431372549019605,0.7725490196078432
0.9058823529411765,0.4196078431372549,0.7568627450980392
0.9098039215686274,0.45098039215686275,0.7411764705882353
0.9176470588235294,0.48627450980392156,0.7294117647058823
0.9254901960784314,0.5176470588235293,0.7176470588235294
0.9294117647058824,0.5490196078431373,0.7098039215686275
0.9333333333333333,0.580392156862745,0.7019607843137254
0.9372549019607843,0.6078431372549019,0.6980392156862745
0.9450980392156862,0.6352941176470588,0.6941176470588235
0.9490196078431372,0.6627450980392157,0.6941176470588235
0.9490196078431372,0.6862745098039216,0.6941176470588235
0.9529411764705882,0.7058823529411764,0.6980392156862745
0.9568627450980391,0.7215686274509804,0.7019607843137254
0.9607843137254902,0.7372549019607844,0.7058823529411764
0.9607843137254902,0.7490196078431373,0.7098039215686275
0.9647058823529412,0.7568627450980392,0.7176470588235294
0.9647058823529412,0.7607843137254902,0.7215686274509804
0.9647058823529412,0.7647058823529411,0.7294117647058823
0.9647058823529412,0.7607843137254902,0.7372549019607844
0.9647058823529412,0.7568627450980392,0.7450980392156863
0.9686274509803922,0.7490196078431373,0.7529411764705882
0.9686274509803922,0.7372549019607844,0.7568627450980392
0.9686274509803922,0.7215686274509804,0.7647058823529411
0.9686274509803922,0.7058823529411764,0.7686274509803921
0.9686274509803922,0.6862745098039216,0.7725490196078432
0.9686274509803922,0.6627450980392157,0.7764705882352941
0.9686274509803922,0.6352941176470588,0.7764705882352941
0.9686274509803922,0.6078431372549019,0.7764705882352941
0.9686274509803922,0.580392156862745,0.7764705882352941
0.9686274509803922,0.5490196078431373,0.7725490196078432
0.9686274509803922,0.5176470588235293,0.7647058823529411
0.9686274509803922,0.48627450980392156,0.7568627450980392
0.9686274509803922,0.45098039215686275,0.7490196078431373
0.9725490196078431,0.4156862745098039,0.7372549019607844
0.9725490196078431,0.38431372549019605,0.7215686274509804
0.9725490196078431,0.34901960784313724,0.7058823529411764
0.9764705882352941,0.3176470588235294,0.6862745098039216
0.9803921568627451,0.28627450980392155,0.6627450980392157
0.984313725490196,0.2549019607843137,0.6392156862745098
0.984313725490196,0.22745098039215686,0.611764705882353
0.9882352941176471,0.2,0.5843137254901961
0.996078431372549,0.17254901960784313,0.5568627450980392
1.,0.14901960784313725,0.5215686274509804
0.996078431372549,0.12941176470588234,0.49019607843137253
0.9882352941176471,0.11372549019607843,0.4549019607843137
0.984313725490196,0.09803921568627451,0.4196078431372549
0.9764705882352941,0.08627450980392157,0.3803921568627451
0.9686274509803922,0.0784313725490196,0.3411764705882353
0.9686274509803922,0.0784313725490196,0.3411764705882353