0.,0.,0.
0.5882352941176471,0.,0.5882352941176471
0.5882352941176471,0.,0.5882352941176471
0.5882352941176471,0.,0.5882352941176471
0.5882352941176471,0.,0.5882352941176471
0.5882352941176471,0.,0.5882352941176471
0.5882352941176471,0.,0.5882352941176471
0.5882352941176471,0.,0.5882352941176471
0.5882352941176471,0.,0.5882352941176471
0.5882352941176471,0.,0.5882352941176471
0.5882352941176471,0.,0.5882352941176471
0.5882352941176471,0.,0.5882352941176471
0.5882352941176471,0.,0.5882352941176471
0.5882352941176471,0.,0.5882352941176471
0.5882352941176471,0.,0.5882352941176471
0.5882352941176471,0.,0.5882352941176471
0.7843137254901961,0.,0.7843137254901961
0.7843137254901961,0.,0.7843137254901961
0.7843137254901961,0.,0.7843137254901961
0.7843137254901961,0.,0.7843137254901961
0.7843137254901961,0.,0.7843137254901961
0.7843137254901961,0.,0.7843137254901961
0.7843137254901961,0.,0.7843137254901961
0.7843137254901961,0.,0.7843137254901961
0.7843137254901961,0.,0.7843137254901961
0.7843137254901961,0.,0.7843137254901961
0.7843137254901961,0.,0.7843137254901961
0.7843137254901961,0.,0.7843137254901961
0.7843137254901961,0.,0.7843137254901961
0.7843137254901961,0.,0.7843137254901961
0.7843137254901961,0.,0.7843137254901961
0.7843137254901961,0.,0.7843137254901961
0.39215686274509803,0.39215686274509803,0.5882352941176471
0.39215686274509803,0.39215686274509803,0.5882352941176471
0.39215686274509803,0.39215686274509803,0.5882352941176471
0.39215686274509803,0.39215686274509803,0.5882352941176471
0.39215686274509803,0.39215686274509803,0.5882352941176471
0.39215686274509803,0.39215686274509803,0.5882352941176471
0.39215686274509803,0.39215686274509803,0.5882352941176471
0.39215686274509803,0.39215686274509803,0.5882352941176471
0.39215686274509803,0.39215686274509803,0.5882352941176471
0.39215686274509803,0.39215686274509803,0.5882352941176471
0.39215686274509803,0.39215686274509803,0.5882352941176471
0.39215686274509803,0.39215686274509803,0.5882352941176471
0.39215686274509803,0.39215686274509803,0.5882352941176471
0.39215686274509803,0.39215686274509803,0.5882352941176471
0.39215686274509803,0.39215686274509803,0.5882352941176471
0.39215686274509803,0.39215686274509803,0.5882352941176471
0.39215686274509803,0.39215686274509803,0.7843137254901961
0.39215686274509803,0.39215686274509803,0.7843137254901961
0.39215686274509803,0.39215686274509803,0.7843137254901961
0.39215686274509803,0.39215686274509803,0.7843137254901961
0.39215686274509803,0.39215686274509803,0.7843137254901961
0.39215686274509803,0.39215686274509803,0.7843137254901961
0.39215686274509803,0.39215686274509803,0.7843137254901961
0.39215686274509803,0.39215686274509803,0.7843137254901961
0.39215686274509803,0.39215686274509803,0.7843137254901961
0.39215686274509803,0.39215686274509803,0.7843137254901961
0.39215686274509803,0.39215686274509803,0.7843137254901961
0.39215686274509803,0.39215686274509803,0.7843137254901961
0.39215686274509803,0.39215686274509803,0.7843137254901961
0.39215686274509803,0.39215686274509803,0.7843137254901961
0.39215686274509803,0.39215686274509803,0.7843137254901961
0.39215686274509803,0.39215686274509803,0.7843137254901961
0.39215686274509803,0.39215686274509803,1.
0.39215686274509803,0.39215686274509803,1.
0.39215686274509803,0.39215686274509803,1.
0.39215686274509803,0.39215686274509803,1.
0.39215686274509803,0.39215686274509803,1.
0.39215686274509803,0.39215686274509803,1.
0.39215686274509803,0.39215686274509803,1.
0.39215686274509803,0.39215686274509803,1.
0.39215686274509803,0.39215686274509803,1.
0.39215686274509803,0.39215686274509803,1.
0.39215686274509803,0.39215686274509803,1.
0.39215686274509803,0.39215686274509803,1.
0.39215686274509803,0.39215686274509803,1.
0.39215686274509803,0.39215686274509803,1.
0.39215686274509803,0.39215686274509803,1.
0.39215686274509803,0.39215686274509803,1.
0.,0.5490196078431373,0.
0.,0.5490196078431373,0.
0.,0.5490196078431373,0.
0.,0.5490196078431373,0.
0.,0.5490196078431373,0.
0.,0.5490196078431373,0.
0.,0.5490196078431373,0.
0.,0.5490196078431373,0.
0.,0.5490196078431373,0.
0.,0.5490196078431373,0.
0.,0.5490196078431373,0.
0.,0.5490196078431373,0.
0.,0.5490196078431373,0.
0.,0.5490196078431373,0.
0.,0.5490196078431373,0.
0.,0.5490196078431373,0.
0.5882352941176471,0.6666666666666666,0.
0.5882352941176471,0.6666666666666666,0.
0.5882352941176471,0.6666666666666666,0.
0.5882352941176471,0.6666666666666666,0.
0.5882352941176471,0.6666666666666666,0.
0.5882352941176471,0.6666666666666666,0.
0.5882352941176471,0.6666666666666666,0.
0.5882352941176471,0.6666666666666666,0.
0.5882352941176471,0.6666666666666666,0.
0.5882352941176471,0.6666666666666666,0.
0.5882352941176471,0.6666666666666666,0.
0.5882352941176471,0.6666666666666666,0.
0.5882352941176471,0.6666666666666666,0.
0.5882352941176471,0.6666666666666666,0.
0.5882352941176471,0.6666666666666666,0.
0.5882352941176471,0.6666666666666666,0.
0.7843137254901961,0.7843137254901961,0.
0.7843137254901961,0.7843137254901961,0.
0.7843137254901961,0.7843137254901961,0.
0.7843137254901961,0.7843137254901961,0.
0.7843137254901961,0.7843137254901961,0.
0.7843137254901961,0.7843137254901961,0.
0.7843137254901961,0.7843137254901961,0.
0.7843137254901961,0.7843137254901961,0.
0.7843137254901961,0.7843137254901961,0.
0.7843137254901961,0.7843137254901961,0.
0.7843137254901961,0.7843137254901961,0.
0.7843137254901961,0.7843137254901961,0.
0.7843137254901961,0.7843137254901961,0.
0.7843137254901961,0.7843137254901961,0.
0.7843137254901961,0.7843137254901961,0.
0.7843137254901961,0.7843137254901961,0.
0.5882352941176471,0.7843137254901961,0.
0.5882352941176471,0.7843137254901961,0.
0.5882352941176471,0.7843137254901961,0.
0.5882352941176471,0.7843137254901961,0.
0.5882352941176471,0.7843137254901961,0.
0.5882352941176471,0.7843137254901961,0.
0.5882352941176471,0.7843137254901961,0.
0.5882352941176471,0.7843137254901961,0.
0.5882352941176471,0.7843137254901961,0.
0.5882352941176471,0.7843137254901961,0.
0.5882352941176471,0.7843137254901961,0.
0.5882352941176471,0.7843137254901961,0.
0.5882352941176471,0.7843137254901961,0.
0.5882352941176471,0.7843137254901961,0.
0.5882352941176471,0.7843137254901961,0.
0.5882352941176471,0.7843137254901961,0.
0.7843137254901961,1.,0.47058823529411764
0.7843137254901961,1.,0.47058823529411764
0.7843137254901961,1.,0.47058823529411764
0.7843137254901961,1.,0.47058823529411764
0.7843137254901961,1.,0.47058823529411764
0.7843137254901961,1.,0.47058823529411764
0.7843137254901961,1.,0.47058823529411764
0.7843137254901961,1.,0.47058823529411764
0.7843137254901961,1.,0.47058823529411764
0.7843137254901961,1.,0.47058823529411764
0.7843137254901961,1.,0.47058823529411764
0.7843137254901961,1.,0.47058823529411764
0.7843137254901961,1.,0.47058823529411764
0.7843137254901961,1.,0.47058823529411764
0.7843137254901961,1.,0.47058823529411764
0.7843137254901961,1.,0.47058823529411764
1.,1.,0.
1.,1.,0.
1.,1.,0.
1.,1.,0.
1.,1.,0.
1.,1.,0.
1.,1.,0.
1.,1.,0.
1.,1.,0.
1.,1.,0.
1.,1.,0.
1.,1.,0.
1.,1.,0.
1.,1.,0.
1.,1.,0.
1.,1.,0.
1.,0.7843137254901961,0.
1.,0.7843137254901961,0.
1.,0.7843137254901961,0.
1.,0.7843137254901961,0.
1.,0.7843137254901961,0.
1.,0.7843137254901961,0.
1.,0.7843137254901961,0.
1.,0.7843137254901961,0.
1.,0.7843137254901961,0.
1.,0.7843137254901961,0.
1.,0.7843137254901961,0.
1.,0.7843137254901961,0.
1.,0.7843137254901961,0.
1.,0.7843137254901961,0.
1.,0.7843137254901961,0.
1.,0.7843137254901961,0.
1.,0.6274509803921569,0.
1.,0.6274509803921569,0.
1.,0.6274509803921569,0.
1.,0.6274509803921569,0.
1.,0.6274509803921569,0.
1.,0.6274509803921569,0.
1.,0.6274509803921569,0.
1.,0.6274509803921569,0.
1.,0.6274509803921569,0.
1.,0.6274509803921569,0.
1.,0.6274509803921569,0.
1.,0.6274509803921569,0.
1.,0.6274509803921569,0.
1.,0.6274509803921569,0.
1.,0.6274509803921569,0.
1.,0.6274509803921569,0.
1.,0.49019607843137253,0.
1.,0.49019607843137253,0.
1.,0.49019607843137253,0.
1.,0.49019607843137253,0.
1.,0.49019607843137253,0.
1.,0.49019607843137253,0.
1.,0.49019607843137253,0.
1.,0.49019607843137253,0.
1.,0.49019607843137253,0.
1.,0.49019607843137253,0.
1.,0.49019607843137253,0.
1.,0.49019607843137253,0.
1.,0.49019607843137253,0.
1.,0.49019607843137253,0.
1.,0.49019607843137253,0.
1.,0.49019607843137253,0.
0.7843137254901961,0.19607843137254902,0.39215686274509803
0.7843137254901961,0.19607843137254902,0.39215686274509803
0.7843137254901961,0.19607843137254902,0.39215686274509803
0.7843137254901961,0.19607843137254902,0.39215686274509803
0.7843137254901961,0.19607843137254902,0.39215686274509803
0.7843137254901961,0.19607843137254902,0.39215686274509803
0.7843137254901961,0.19607843137254902,0.39215686274509803
0.7843137254901961,0.19607843137254902,0.39215686274509803
0.7843137254901961,0.19607843137254902,0.39215686274509803
0.7843137254901961,0.19607843137254902,0.39215686274509803
0.7843137254901961,0.19607843137254902,0.39215686274509803
0.7843137254901961,0.19607843137254902,0.39215686274509803
0.7843137254901961,0.19607843137254902,0.39215686274509803
0.7843137254901961,0.19607843137254902,0.39215686274509803
0.7843137254901961,0.19607843137254902,0.39215686274509803
0.7843137254901961,0.19607843137254902,0.39215686274509803
0.6862745098039216,0.19607843137254902,0.29411764705882354
0.6862745098039216,0.19607843137254902,0.29411764705882354
0.6862745098039216,0.19607843137254902,0.29411764705882354
0.6862745098039216,0.19607843137254902,0.29411764705882354
0.6862745098039216,0.19607843137254902,0.29411764705882354
0.6862745098039216,0.19607843137254902,0.29411764705882354
0.6862745098039216,0.19607843137254902,0.29411764705882354
0.6862745098039216,0.19607843137254902,0.29411764705882354
0.6862745098039216,0.19607843137254902,0.29411764705882354
0.6862745098039216,0.19607843137254902,0.29411764705882354
0.6862745098039216,0.19607843137254902,0.29411764705882354
0.6862745098039216,0.19607843137254902,0.29411764705882354
0.6862745098039216,0.19607843137254902,0.29411764705882354
0.6862745098039216,0.19607843137254902,0.29411764705882354
1.,1.,1.
1.,1.,1.