0.10588235294117647,0.6196078431372549,0.4666666666666667
0.12549019607843137,0.611764705882353,0.4549019607843137
0.14901960784313725,0.6078431372549019,0.44313725490196076
0.16862745098039217,0.6,0.42745098039215684
0.18823529411764706,0.592156862745098,0.4156862745098039
0.20784313725490194,0.5843137254901961,0.403921568627451
0.23137254901960785,0.580392156862745,0.39215686274509803
0.25098039215686274,0.5725490196078431,0.3764705882352941
0.27058823529411763,0.5647058823529412,0.36470588235294116
0.29411764705882354,0.5568627450980392,0.3529411764705882
0.3137254901960784,0.5529411764705883,0.3411764705882353
0.3333333333333333,0.5450980392156862,0.3254901960784314
0.3529411764705882,0.5372549019607843,0.3137254901960784
0.3764705882352941,0.5294117647058824,0.30196078431372547
0.396078431372549,0.5254901960784314,0.2901960784313725
0.4156862745098039,0.5176470588235293,0.27450980392156865
0.43529411764705883,0.5098039215686274,0.2627450980392157
0.4588235294117647,0.5019607843137255,0.25098039215686274
0.4784313725490196,0.4980392156862745,0.2392156862745098
0.4980392156862745,0.49019607843137253,0.22352941176470587
0.5215686274509804,0.4823529411764706,0.21176470588235294
0.5411764705882353,0.4745098039215686,0.2
0.5607843137254902,0.47058823529411764,0.18823529411764706
0.580392156862745,0.4627450980392157,0.17254901960784313
0.6039215686274509,0.4549019607843137,0.16078431372549018
0.6235294117647059,0.44705882352941173,0.14901960784313725
0.6431372549019607,0.44313725490196076,0.13725490196078433
0.6666666666666666,0.43529411764705883,0.12156862745098039
0.6862745098039216,0.42745098039215684,0.10980392156862745
0.7058823529411764,0.4196078431372549,0.09803921568627451
0.7254901960784313,0.4156862745098039,0.08627450980392157
0.7490196078431373,0.40784313725490196,0.07058823529411765
0.7686274509803921,0.4,0.058823529411764705
0.788235294117647,0.39215686274509803,0.047058823529411764
0.807843137254902,0.38823529411764707,0.03137254901960784
0.8313725490196078,0.3803921568627451,0.0196078431372549
0.8509803921568627,0.37254901960784315,0.00784313725490196
0.8392156862745098,0.37254901960784315,0.027450980392156862
0.8274509803921568,0.3764705882352941,0.047058823529411764
0.8196078431372549,0.3764705882352941,0.06666666666666667
0.807843137254902,0.3803921568627451,0.08627450980392157
0.796078431372549,0.3803921568627451,0.10588235294117647
0.7843137254901961,0.38431372549019605,0.12549019607843137
0.7764705882352941,0.38431372549019605,0.1411764705882353
0.7647058823529411,0.38823529411764707,0.16078431372549018
0.7529411764705882,0.38823529411764707,0.1803921568627451
0.7411764705882353,0.39215686274509803,0.2
0.7294117647058823,0.39215686274509803,0.2196078431372549
0.7215686274509804,0.396078431372549,0.2392156862745098
0.7098039215686275,0.396078431372549,0.2588235294117647
0.6980392156862745,0.4,0.2784313725490196
0.6862745098039216,0.4,0.2980392156862745
0.6784313725490196,0.403921568627451,0.3176470588235294
0.6666666666666666,0.403921568627451,0.33725490196078434
0.6549019607843137,0.40784313725490196,0.3568627450980392
0.6431372549019607,0.40784313725490196,0.37254901960784315
0.6313725490196078,0.40784313725490196,0.39215686274509803
0.6235294117647059,0.4117647058823529,0.4117647058823529
0.611764705882353,0.4117647058823529,0.43137254901960786
0.6,0.4156862745098039,0.45098039215686275
0.5882352941176471,0.4156862745098039,0.47058823529411764
0.580392156862745,0.4196078431372549,0.49019607843137253
0.5686274509803921,0.4196078431372549,0.5098039215686274
0.5568627450980392,0.4235294117647059,0.5294117647058824
0.5450980392156862,0.4235294117647059,0.5490196078431373
0.5333333333333333,0.42745098039215684,0.5686274509803921
0.5254901960784314,0.42745098039215684,0.5882352941176471
0.5137254901960784,0.43137254901960786,0.6039215686274509
0.5019607843137255,0.43137254901960786,0.6235294117647059
0.49019607843137253,0.43529411764705883,0.6431372549019607
0.4823529411764706,0.43529411764705883,0.6627450980392157
0.47058823529411764,0.4392156862745098,0.6823529411764706
0.4588235294117647,0.4392156862745098,0.7019607843137254
0.47058823529411764,0.43137254901960786,0.6980392156862745
0.4823529411764706,0.4235294117647059,0.6941176470588235
0.49411764705882355,0.4156862745098039,0.6901960784313725
0.5058823529411764,0.40784313725490196,0.6862745098039216
0.5176470588235293,0.4,0.6784313725490196
0.5294117647058824,0.39215686274509803,0.6745098039215687
0.5450980392156862,0.38823529411764707,0.6705882352941176
0.5568627450980392,0.3803921568627451,0.6666666666666666
0.5686274509803921,0.37254901960784315,0.6627450980392157
0.580392156862745,0.36470588235294116,0.6588235294117647
0.592156862745098,0.3568627450980392,0.6549019607843137
0.6039215686274509,0.34901960784313724,0.6509803921568628
0.615686274509804,0.3411764705882353,0.6470588235294118
0.6274509803921569,0.3333333333333333,0.6392156862745098
0.6392156862745098,0.3254901960784314,0.6352941176470588
0.6509803921568628,0.3176470588235294,0.6313725490196078
0.6627450980392157,0.30980392156862746,0.6274509803921569
0.6745098039215687,0.30196078431372547,0.6235294117647059
0.6901960784313725,0.2980392156862745,0.6196078431372549
0.7019607843137254,0.2901960784313725,0.615686274509804
0.7137254901960784,0.2823529411764706,0.611764705882353
0.7254901960784313,0.27450980392156865,0.6078431372549019
0.7372549019607844,0.26666666666666666,0.6039215686274509
0.7490196078431373,0.2588235294117647,0.596078431372549
0.7607843137254902,0.25098039215686274,0.592156862745098
0.7725490196078432,0.24313725490196078,0.5882352941176471
0.7843137254901961,0.23529411764705882,0.5843137254901961
0.796078431372549,0.22745098039215686,0.580392156862745
0.807843137254902,0.2196078431372549,0.5764705882352941
0.8196078431372549,0.21176470588235294,0.5725490196078431
0.8352941176470589,0.20784313725490194,0.5686274509803921
0.8470588235294118,0.2,0.5647058823529412
0.8588235294117647,0.19215686274509802,0.5568627450980392
0.8705882352941177,0.1843137254901961,0.5529411764705883
0.8823529411764706,0.1764705882352941,0.5490196078431373
0.8941176470588235,0.16862745098039217,0.5450980392156862
0.9058823529411765,0.16078431372549018,0.5411764705882353
0.8901960784313725,0.17254901960784313,0.5294117647058824
0.8784313725490196,0.18823529411764706,0.5176470588235293
0.8627450980392157,0.2,0.5058823529411764
0.8509803921568627,0.21568627450980393,0.49411764705882355
0.8352941176470589,0.22745098039215686,0.4823529411764706
0.8235294117647058,0.24313725490196078,0.47058823529411764
0.807843137254902,0.2549019607843137,0.4588235294117647
0.792156862745098,0.27058823529411763,0.44705882352941173
0.7803921568627451,0.2823529411764706,0.43529411764705883
0.7647058823529411,0.2980392156862745,0.4235294117647059
0.7529411764705882,0.30980392156862746,0.4117647058823529
0.7372549019607844,0.3254901960784314,0.4
0.7215686274509804,0.33725490196078434,0.38823529411764707
0.7098039215686275,0.3529411764705882,0.3764705882352941
0.6941176470588235,0.36470588235294116,0.36470588235294116
0.6823529411764706,0.3803921568627451,0.3529411764705882
0.6666666666666666,0.39215686274509803,0.3411764705882353
0.6549019607843137,0.40784313725490196,0.32941176470588235
0.6392156862745098,0.4196078431372549,0.3176470588235294
0.6235294117647059,0.43137254901960786,0.3058823529411765
0.611764705882353,0.44705882352941173,0.29411764705882354
0.596078431372549,0.4588235294117647,0.2823529411764706
0.5843137254901961,0.4745098039215686,0.27058823529411763
0.5686274509803921,0.48627450980392156,0.2588235294117647
0.5529411764705883,0.5019607843137255,0.24705882352941178
0.5411764705882353,0.5137254901960784,0.23529411764705882
0.5254901960784314,0.5294117647058824,0.22352941176470587
0.5137254901960784,0.5411764705882353,0.21176470588235294
0.4980392156862745,0.5568627450980392,0.2
0.48627450980392156,0.5686274509803921,0.18823529411764706
0.47058823529411764,0.5843137254901961,0.1764705882352941
0.4549019607843137,0.596078431372549,0.16470588235294117
0.44313725490196076,0.611764705882353,0.15294117647058825
0.42745098039215684,0.6235294117647059,0.1411764705882353
0.4156862745098039,0.6392156862745098,0.12941176470588234
0.4,0.6509803921568628,0.11764705882352941
0.4117647058823529,0.6509803921568628,0.11372549019607843
0.42745098039215684,0.6509803921568628,0.10980392156862745
0.4392156862745098,0.6509803921568628,0.10980392156862745
0.4549019607843137,0.6549019607843137,0.10588235294117647
0.4666666666666667,0.6549019607843137,0.10196078431372549
0.4823529411764706,0.6549019607843137,0.09803921568627451
0.49411764705882355,0.6549019607843137,0.09803921568627451
0.5098039215686274,0.6549019607843137,0.09411764705882353
0.5215686274509804,0.6549019607843137,0.09019607843137255
0.5372549019607843,0.6549019607843137,0.08627450980392157
0.5490196078431373,0.6549019607843137,0.08627450980392157
0.5647058823529412,0.6588235294117647,0.08235294117647059
0.5764705882352941,0.6588235294117647,0.0784313725490196
0.5882352941176471,0.6588235294117647,0.07450980392156863
0.6039215686274509,0.6588235294117647,0.07450980392156863
0.615686274509804,0.6588235294117647,0.07058823529411765
0.6313725490196078,0.6588235294117647,0.06666666666666667
0.6431372549019607,0.6588235294117647,0.06274509803921569
0.6588235294117647,0.6627450980392157,0.06274509803921569
0.6705882352941176,0.6627450980392157,0.058823529411764705
0.6862745098039216,0.6627450980392157,0.054901960784313725
0.6980392156862745,0.6627450980392157,0.050980392156862744
0.7137254901960784,0.6627450980392157,0.050980392156862744
0.7254901960784313,0.6627450980392157,0.047058823529411764
0.7372549019607844,0.6627450980392157,0.043137254901960784
0.7529411764705882,0.6666666666666666,0.0392156862745098
0.7647058823529411,0.6666666666666666,0.0392156862745098
0.7803921568627451,0.6666666666666666,0.03529411764705882
0.792156862745098,0.6666666666666666,0.03137254901960784
0.807843137254902,0.6666666666666666,0.027450980392156862
0.8196078431372549,0.6666666666666666,0.027450980392156862
0.8352941176470589,0.6666666666666666,0.023529411764705882
0.8470588235294118,0.6666666666666666,0.0196078431372549
0.8627450980392157,0.6705882352941176,0.01568627450980392
0.8745098039215686,0.6705882352941176,0.01568627450980392
0.8901960784313725,0.6705882352941176,0.011764705882352941
0.9019607843137255,0.6705882352941176,0.00784313725490196
0.8941176470588235,0.6666666666666666,0.011764705882352941
0.8862745098039215,0.6588235294117647,0.01568627450980392
0.8823529411764706,0.6549019607843137,0.01568627450980392
0.8745098039215686,0.6470588235294118,0.0196078431372549
0.8666666666666667,0.6431372549019607,0.023529411764705882
0.8588235294117647,0.6352941176470588,0.027450980392156862
0.8549019607843137,0.6313725490196078,0.027450980392156862
0.8470588235294118,0.6235294117647059,0.03137254901960784
0.8392156862745098,0.6196078431372549,0.03529411764705882
0.8313725490196078,0.611764705882353,0.0392156862745098
0.8235294117647058,0.6078431372549019,0.0392156862745098
0.8196078431372549,0.6,0.043137254901960784
0.8117647058823529,0.596078431372549,0.047058823529411764
0.803921568627451,0.5882352941176471,0.050980392156862744
0.796078431372549,0.5843137254901961,0.050980392156862744
0.792156862745098,0.5764705882352941,0.054901960784313725
0.7843137254901961,0.5725490196078431,0.058823529411764705
0.7764705882352941,0.5686274509803921,0.06274509803921569
0.7686274509803921,0.5607843137254902,0.06274509803921569
0.7607843137254902,0.5568627450980392,0.06666666666666667
0.7568627450980392,0.5490196078431373,0.07058823529411765
0.7490196078431373,0.5450980392156862,0.07450980392156863
0.7411764705882353,0.5372549019607843,0.07450980392156863
0.7333333333333333,0.5333333333333333,0.0784313725490196
0.7294117647058823,0.5254901960784314,0.08235294117647059
0.7215686274509804,0.5215686274509804,0.08627450980392157
0.7137254901960784,0.5137254901960784,0.08627450980392157
0.7058823529411764,0.5098039215686274,0.09019607843137255
0.6980392156862745,0.5019607843137255,0.09411764705882353
0.6941176470588235,0.4980392156862745,0.09803921568627451
0.6862745098039216,0.49019607843137253,0.09803921568627451
0.6784313725490196,0.48627450980392156,0.10196078431372549
0.6705882352941176,0.4784313725490196,0.10588235294117647
0.6666666666666666,0.4745098039215686,0.10980392156862745
0.6588235294117647,0.4666666666666667,0.10980392156862745
0.6509803921568628,0.4627450980392157,0.11372549019607843
0.6431372549019607,0.4627450980392157,0.12156862745098039
0.6392156862745098,0.4588235294117647,0.12941176470588234
0.6313725490196078,0.4588235294117647,0.13725490196078433
0.6235294117647059,0.4549019607843137,0.14509803921568626
0.615686274509804,0.4549019607843137,0.15294117647058825
0.611764705882353,0.45098039215686275,0.16078431372549018
0.6039215686274509,0.45098039215686275,0.16862745098039217
0.596078431372549,0.45098039215686275,0.1764705882352941
0.5882352941176471,0.44705882352941173,0.1843137254901961
0.5843137254901961,0.44705882352941173,0.19215686274509802
0.5764705882352941,0.44313725490196076,0.2
0.5686274509803921,0.44313725490196076,0.20784313725490194
0.5647058823529412,0.4392156862745098,0.21568627450980393
0.5568627450980392,0.4392156862745098,0.22352941176470587
0.5490196078431373,0.4392156862745098,0.23137254901960785
0.5411764705882353,0.43529411764705883,0.2392156862745098
0.5372549019607843,0.43529411764705883,0.24705882352941178
0.5294117647058824,0.43137254901960786,0.2549019607843137
0.5215686274509804,0.43137254901960786,0.2588235294117647
0.5137254901960784,0.42745098039215684,0.26666666666666666
0.5098039215686274,0.42745098039215684,0.27450980392156865
0.5019607843137255,0.4235294117647059,0.2823529411764706
0.49411764705882355,0.4235294117647059,0.2901960784313725
0.48627450980392156,0.4235294117647059,0.2980392156862745
0.4823529411764706,0.4196078431372549,0.3058823529411765
0.4745098039215686,0.4196078431372549,0.3137254901960784
0.4666666666666667,0.4156862745098039,0.32156862745098036
0.4627450980392157,0.4156862745098039,0.32941176470588235
0.4549019607843137,0.4117647058823529,0.33725490196078434
0.44705882352941173,0.4117647058823529,0.34509803921568627
0.4392156862745098,0.4117647058823529,0.3529411764705882
0.43529411764705883,0.40784313725490196,0.3607843137254902
0.42745098039215684,0.40784313725490196,0.3686274509803922
0.4196078431372549,0.403921568627451,0.3764705882352941
0.4117647058823529,0.403921568627451,0.38431372549019605
0.40784313725490196,0.4,0.39215686274509803
0.4,0.4,0.4