127,59,8
129,60,8
131,61,8
133,62,8
135,64,8
137,65,8
139,66,8
142,67,7
144,68,7
146,69,7
148,71,7
150,72,7
152,73,7
154,74,7
156,75,7
158,76,7
160,78,7
162,79,7
164,80,7
167,81,6
169,82,6
171,83,6
173,85,6
175,86,6
177,87,6
179,88,6
181,90,7
182,91,7
184,93,8
186,94,8
188,96,9
189,98,9
191,99,10
193,101,10
195,103,11
196,104,11
198,106,12
200,107,12
202,109,13
203,111,14
205,112,14
207,114,15
208,115,15
210,117,16
212,119,16
214,120,17
215,122,17
217,124,18
219,125,18
221,127,19
222,128,19
224,130,20
225,132,23
226,134,26
227,136,29
229,139,33
230,141,36
231,143,39
232,145,42
233,147,45
234,149,48
236,152,52
237,154,55
238,156,58
239,158,61
240,160,64
241,162,67
243,165,71
244,167,74
245,169,77
246,171,80
247,173,83
248,175,86
250,178,90
251,180,93
252,182,96
253,184,99
253,186,102
253,187,105
253,189,109
253,190,112
253,192,115
253,193,118
253,195,121
253,196,125
253,198,128
253,199,131
253,201,134
253,202,137
254,204,141
254,206,144
254,207,147
254,209,150
254,210,153
254,212,156
254,213,160
254,215,163
254,216,166
254,218,169
254,219,172
254,221,176
254,222,179
254,224,182
254,225,185
253,226,187
253,227,190
253,228,192
253,229,195
252,230,198
252,230,200
252,231,203
251,232,205
251,233,208
251,234,211
251,235,213
250,236,216
250,237,218
250,238,221
250,239,224
249,240,226
249,241,229
249,241,231
248,242,234
248,243,237
248,244,239
248,245,242
247,246,244
247,247,247
246,246,247
245,245,246
243,244,246
242,243,245
241,241,245
240,240,244
239,239,244
237,238,243
236,237,243
235,236,242
234,235,242
233,234,241
232,233,241
230,231,241
229,230,240
228,229,240
227,228,239
226,227,239
224,226,238
223,225,238
222,224,237
221,222,237
220,221,236
218,220,236
217,219,235
216,218,235
214,216,234
213,214,233
211,212,232
210,210,231
208,209,230
207,207,229
205,205,228
204,203,227
202,201,226
201,199,225
199,197,224
198,195,223
196,194,222
195,192,221
193,190,220
192,188,219
190,186,218
189,184,217
187,182,216
186,180,215
184,179,214
183,177,213
181,175,212
180,173,211
178,171,210
176,169,209
174,167,207
172,165,206
170,162,204
168,160,203
166,158,201
165,156,200
163,154,198
161,152,197
159,149,195
157,147,194
155,145,192
153,143,191
151,141,190
149,139,188
147,137,187
145,134,185
143,132,184
141,130,182
140,128,181
138,126,179
136,124,178
134,121,176
132,119,175
130,117,173
128,115,172
126,112,171
124,109,169
123,106,168
121,103,166
119,100,165
117,97,163
116,94,162
114,91,160
112,88,159
110,85,158
109,82,156
107,79,155
105,75,153
103,72,152
102,69,150
100,66,149
98,63,148
96,60,146
95,57,145
93,54,143
91,51,142
89,48,140
88,45,139
86,42,137
84,39,136
83,38,134
81,36,131
80,35,129
78,33,127
77,32,124
75,30,122
74,29,120
72,27,117
71,26,115
69,24,113
68,23,110
66,21,108
65,20,106
63,18,103
62,17,101
60,15,98
59,13,96
57,12,94
56,10,91
54,9,89
53,7,87
51,6,84
50,5,82
48,3,80
47,2,77
45,0,75
