0.,0.,0.011764705882352941
0.,0.,0.01568627450980392
0.,0.,0.023529411764705882
0.00392156862745098,0.,0.027450980392156862
0.00392156862745098,0.00392156862745098,0.03529411764705882
0.00392156862745098,0.00392156862745098,0.043137254901960784
0.00784313725490196,0.00392156862745098,0.054901960784313725
0.00784313725490196,0.00784313725490196,0.06274509803921569
0.011764705882352941,0.00784313725490196,0.07058823529411765
0.01568627450980392,0.011764705882352941,0.0784313725490196
0.01568627450980392,0.011764705882352941,0.08627450980392157
0.0196078431372549,0.01568627450980392,0.09411764705882353
0.023529411764705882,0.01568627450980392,0.10588235294117647
0.027450980392156862,0.0196078431372549,0.11372549019607843
0.03137254901960784,0.023529411764705882,0.12156862745098039
0.03529411764705882,0.023529411764705882,0.12941176470588234
0.0392156862745098,0.027450980392156862,0.13725490196078433
0.043137254901960784,0.027450980392156862,0.14901960784313725
0.050980392156862744,0.03137254901960784,0.1568627450980392
0.054901960784313725,0.03137254901960784,0.16470588235294117
0.058823529411764705,0.03529411764705882,0.1764705882352941
0.06274509803921569,0.03529411764705882,0.1843137254901961
0.07058823529411765,0.0392156862745098,0.19607843137254902
0.07450980392156863,0.0392156862745098,0.20392156862745098
0.0784313725490196,0.043137254901960784,0.21176470588235294
0.08627450980392157,0.043137254901960784,0.22352941176470587
0.09019607843137255,0.043137254901960784,0.23137254901960785
0.09803921568627451,0.043137254901960784,0.24313725490196078
0.10196078431372549,0.043137254901960784,0.25098039215686274
0.10980392156862745,0.047058823529411764,0.2627450980392157
0.11372549019607843,0.047058823529411764,0.27058823529411763
0.12156862745098039,0.047058823529411764,0.2784313725490196
0.12549019607843137,0.047058823529411764,0.2901960784313725
0.13333333333333333,0.043137254901960784,0.2980392156862745
0.1411764705882353,0.043137254901960784,0.3058823529411765
0.14901960784313725,0.043137254901960784,0.3137254901960784
0.15294117647058825,0.043137254901960784,0.32156862745098036
0.16078431372549018,0.043137254901960784,0.32941176470588235
0.16862745098039217,0.0392156862745098,0.33725490196078434
0.1764705882352941,0.0392156862745098,0.34509803921568627
0.1803921568627451,0.0392156862745098,0.3529411764705882
0.18823529411764706,0.0392156862745098,0.3607843137254902
0.19607843137254902,0.03529411764705882,0.36470588235294116
0.20392156862745098,0.03529411764705882,0.37254901960784315
0.20784313725490194,0.03529411764705882,0.3764705882352941
0.21568627450980393,0.03529411764705882,0.3803921568627451
0.22352941176470587,0.03529411764705882,0.38431372549019605
0.23137254901960785,0.03529411764705882,0.39215686274509803
0.23529411764705882,0.03529411764705882,0.396078431372549
0.24313725490196078,0.03529411764705882,0.4
0.25098039215686274,0.03529411764705882,0.4
0.2549019607843137,0.03529411764705882,0.403921568627451
0.2627450980392157,0.0392156862745098,0.40784313725490196
0.27058823529411763,0.0392156862745098,0.4117647058823529
0.27450980392156865,0.0392156862745098,0.4117647058823529
0.2823529411764706,0.043137254901960784,0.4156862745098039
0.2901960784313725,0.043137254901960784,0.4156862745098039
0.29411764705882354,0.047058823529411764,0.4196078431372549
0.30196078431372547,0.047058823529411764,0.4196078431372549
0.30980392156862746,0.050980392156862744,0.4235294117647059
0.3137254901960784,0.050980392156862744,0.4235294117647059
0.32156862745098036,0.054901960784313725,0.4235294117647059
0.3254901960784314,0.054901960784313725,0.42745098039215684
0.3333333333333333,0.058823529411764705,0.42745098039215684
0.3411764705882353,0.058823529411764705,0.42745098039215684
0.34509803921568627,0.06274509803921569,0.42745098039215684
0.3529411764705882,0.06666666666666667,0.42745098039215684
0.3568627450980392,0.06666666666666667,0.43137254901960786
0.36470588235294116,0.07058823529411765,0.43137254901960786
0.37254901960784315,0.07058823529411765,0.43137254901960786
0.3764705882352941,0.07450980392156863,0.43137254901960786
0.38431372549019605,0.0784313725490196,0.43137254901960786
0.38823529411764707,0.0784313725490196,0.43137254901960786
0.396078431372549,0.08235294117647059,0.43137254901960786
0.4,0.08235294117647059,0.43137254901960786
0.40784313725490196,0.08627450980392157,0.43137254901960786
0.4156862745098039,0.09019607843137255,0.43137254901960786
0.4196078431372549,0.09019607843137255,0.43137254901960786
0.42745098039215684,0.09411764705882353,0.43137254901960786
0.43137254901960786,0.09411764705882353,0.43137254901960786
0.4392156862745098,0.09803921568627451,0.43137254901960786
0.44705882352941173,0.09803921568627451,0.42745098039215684
0.45098039215686275,0.10196078431372549,0.42745098039215684
0.4588235294117647,0.10588235294117647,0.42745098039215684
0.4627450980392157,0.10588235294117647,0.42745098039215684
0.47058823529411764,0.10980392156862745,0.42745098039215684
0.4784313725490196,0.10980392156862745,0.42745098039215684
0.4823529411764706,0.11372549019607843,0.4235294117647059
0.49019607843137253,0.11372549019607843,0.4235294117647059
0.49411764705882355,0.11764705882352941,0.4235294117647059
0.5019607843137255,0.12156862745098039,0.4196078431372549
0.5058823529411764,0.12156862745098039,0.4196078431372549
0.5137254901960784,0.12549019607843137,0.4196078431372549
0.5215686274509804,0.12549019607843137,0.4156862745098039
0.5254901960784314,0.12941176470588234,0.4156862745098039
0.5333333333333333,0.12941176470588234,0.4156862745098039
0.5372549019607843,0.13333333333333333,0.4117647058823529
0.5450980392156862,0.13333333333333333,0.4117647058823529
0.5529411764705883,0.13725490196078433,0.4117647058823529
0.5568627450980392,0.1411764705882353,0.40784313725490196
0.5647058823529412,0.1411764705882353,0.40784313725490196
0.5686274509803921,0.14509803921568626,0.403921568627451
0.5764705882352941,0.14509803921568626,0.403921568627451
0.5843137254901961,0.14901960784313725,0.4
0.5882352941176471,0.14901960784313725,0.4
0.596078431372549,0.15294117647058825,0.396078431372549
0.6,0.1568627450980392,0.39215686274509803
0.6078431372549019,0.1568627450980392,0.39215686274509803
0.611764705882353,0.16078431372549018,0.38823529411764707
0.6196078431372549,0.16078431372549018,0.38823529411764707
0.6274509803921569,0.16470588235294117,0.38431372549019605
0.6313725490196078,0.16862745098039217,0.3803921568627451
0.6392156862745098,0.16862745098039217,0.3803921568627451
0.6431372549019607,0.17254901960784313,0.3764705882352941
0.6509803921568628,0.17254901960784313,0.37254901960784315
0.6549019607843137,0.1764705882352941,0.37254901960784315
0.6627450980392157,0.1803921568627451,0.3686274509803922
0.6705882352941176,0.1803921568627451,0.36470588235294116
0.6745098039215687,0.1843137254901961,0.3607843137254902
0.6823529411764706,0.18823529411764706,0.3568627450980392
0.6862745098039216,0.19215686274509802,0.3568627450980392
0.6941176470588235,0.19215686274509802,0.3529411764705882
0.6980392156862745,0.19607843137254902,0.34901960784313724
0.7058823529411764,0.2,0.34509803921568627
0.7098039215686275,0.2,0.3411764705882353
0.7176470588235294,0.20392156862745098,0.33725490196078434
0.7215686274509804,0.20784313725490194,0.33725490196078434
0.7294117647058823,0.21176470588235294,0.3333333333333333
0.7333333333333333,0.21568627450980393,0.32941176470588235
0.7411764705882353,0.21568627450980393,0.3254901960784314
0.7450980392156863,0.2196078431372549,0.32156862745098036
0.7490196078431373,0.22352941176470587,0.3176470588235294
0.7568627450980392,0.22745098039215686,0.3137254901960784
0.7607843137254902,0.23137254901960785,0.30980392156862746
0.7686274509803921,0.23529411764705882,0.3058823529411765
0.7725490196078432,0.2392156862745098,0.30196078431372547
0.7803921568627451,0.24313725490196078,0.2980392156862745
0.7843137254901961,0.24313725490196078,0.29411764705882354
0.788235294117647,0.24705882352941178,0.2901960784313725
0.796078431372549,0.25098039215686274,0.28627450980392155
0.8,0.2549019607843137,0.2823529411764706
0.803921568627451,0.2588235294117647,0.2784313725490196
0.8117647058823529,0.26666666666666666,0.27450980392156865
0.8156862745098039,0.27058823529411763,0.26666666666666666
0.8196078431372549,0.27450980392156865,0.2627450980392157
0.8235294117647058,0.2784313725490196,0.2588235294117647
0.8313725490196078,0.2823529411764706,0.2549019607843137
0.8352941176470589,0.28627450980392155,0.25098039215686274
0.8392156862745098,0.2901960784313725,0.24705882352941178
0.8431372549019608,0.29411764705882354,0.24313725490196078
0.8509803921568627,0.30196078431372547,0.2392156862745098
0.8549019607843137,0.3058823529411765,0.23137254901960785
0.8588235294117647,0.30980392156862746,0.22745098039215686
0.8627450980392157,0.3137254901960784,0.22352941176470587
0.8666666666666667,0.32156862745098036,0.2196078431372549
0.8705882352941177,0.3254901960784314,0.21568627450980393
0.8745098039215686,0.32941176470588235,0.21176470588235294
0.8784313725490196,0.33725490196078434,0.20392156862745098
0.8862745098039215,0.3411764705882353,0.2
0.8901960784313725,0.34509803921568627,0.19607843137254902
0.8941176470588235,0.3529411764705882,0.19215686274509802
0.8980392156862745,0.3568627450980392,0.18823529411764706
0.9019607843137255,0.3607843137254902,0.1803921568627451
0.9019607843137255,0.3686274509803922,0.1764705882352941
0.9058823529411765,0.37254901960784315,0.17254901960784313
0.9098039215686274,0.3803921568627451,0.16862745098039217
0.9137254901960784,0.38431372549019605,0.16470588235294117
0.9176470588235294,0.39215686274509803,0.1568627450980392
0.9215686274509803,0.396078431372549,0.15294117647058825
0.9254901960784314,0.403921568627451,0.14901960784313725
0.9294117647058824,0.40784313725490196,0.14509803921568626
0.9294117647058824,0.4156862745098039,0.13725490196078433
0.9333333333333333,0.4235294117647059,0.13333333333333333
0.9372549019607843,0.42745098039215684,0.12941176470588234
0.9411764705882353,0.43529411764705883,0.12156862745098039
0.9411764705882353,0.4392156862745098,0.11764705882352941
0.9450980392156862,0.44705882352941173,0.11372549019607843
0.9490196078431372,0.4549019607843137,0.10980392156862745
0.9490196078431372,0.4588235294117647,0.10196078431372549
0.9529411764705882,0.4666666666666667,0.09803921568627451
0.9529411764705882,0.4745098039215686,0.09411764705882353
0.9568627450980391,0.4784313725490196,0.08627450980392157
0.9607843137254902,0.48627450980392156,0.08235294117647059
0.9607843137254902,0.49411764705882355,0.0784313725490196
0.9647058823529412,0.5019607843137255,0.07058823529411765
0.9647058823529412,0.5058823529411764,0.06666666666666667
0.9686274509803922,0.5137254901960784,0.06274509803921569
0.9686274509803922,0.5215686274509804,0.054901960784313725
0.9725490196078431,0.5294117647058824,0.050980392156862744
0.9725490196078431,0.5333333333333333,0.047058823529411764
0.9725490196078431,0.5411764705882353,0.043137254901960784
0.9764705882352941,0.5490196078431373,0.03529411764705882
0.9764705882352941,0.5568627450980392,0.03137254901960784
0.9764705882352941,0.5647058823529412,0.03137254901960784
0.9803921568627451,0.5686274509803921,0.027450980392156862
0.9803921568627451,0.5764705882352941,0.023529411764705882
0.9803921568627451,0.5843137254901961,0.023529411764705882
0.9803921568627451,0.592156862745098,0.023529411764705882
0.984313725490196,0.6,0.023529411764705882
0.984313725490196,0.6078431372549019,0.023529411764705882
0.984313725490196,0.615686274509804,0.023529411764705882
0.984313725490196,0.6196078431372549,0.027450980392156862
0.984313725490196,0.6274509803921569,0.027450980392156862
0.984313725490196,0.6352941176470588,0.03137254901960784
0.984313725490196,0.6431372549019607,0.0392156862745098
0.984313725490196,0.6509803921568628,0.043137254901960784
0.984313725490196,0.6588235294117647,0.050980392156862744
0.984313725490196,0.6666666666666666,0.054901960784313725
0.984313725490196,0.6745098039215687,0.06274509803921569
0.984313725490196,0.6823529411764706,0.07058823529411765
0.984313725490196,0.6901960784313725,0.0784313725490196
0.984313725490196,0.6941176470588235,0.08627450980392157
0.984313725490196,0.7019607843137254,0.09411764705882353
0.984313725490196,0.7098039215686275,0.10196078431372549
0.984313725490196,0.7176470588235294,0.10980392156862745
0.984313725490196,0.7254901960784313,0.11764705882352941
0.9803921568627451,0.7333333333333333,0.12941176470588234
0.9803921568627451,0.7411764705882353,0.13725490196078433
0.9803921568627451,0.7490196078431373,0.14509803921568626
0.9803921568627451,0.7568627450980392,0.1568627450980392
0.9764705882352941,0.7647058823529411,0.16470588235294117
0.9764705882352941,0.7725490196078432,0.17254901960784313
0.9764705882352941,0.7803921568627451,0.1843137254901961
0.9725490196078431,0.788235294117647,0.19215686274509802
0.9725490196078431,0.796078431372549,0.20392156862745098
0.9725490196078431,0.803921568627451,0.21568627450980393
0.9686274509803922,0.8117647058823529,0.22745098039215686
0.9686274509803922,0.8196078431372549,0.23529411764705882
0.9647058823529412,0.8274509803921568,0.24705882352941178
0.9647058823529412,0.8352941176470589,0.2588235294117647
0.9607843137254902,0.8431372549019608,0.27058823529411763
0.9607843137254902,0.8509803921568627,0.2823529411764706
0.9568627450980391,0.8588235294117647,0.29411764705882354
0.9568627450980391,0.8627450980392157,0.30980392156862746
0.9529411764705882,0.8705882352941177,0.32156862745098036
0.9529411764705882,0.8784313725490196,0.33725490196078434
0.9529411764705882,0.8862745098039215,0.34901960784313724
0.9490196078431372,0.8941176470588235,0.36470588235294116
0.9490196078431372,0.9019607843137255,0.3764705882352941
0.9450980392156862,0.9098039215686274,0.39215686274509803
0.9450980392156862,0.9137254901960784,0.40784313725490196
0.9450980392156862,0.9215686274509803,0.4235294117647059
0.9450980392156862,0.9294117647058824,0.4392156862745098
0.9450980392156862,0.9333333333333333,0.4549019607843137
0.9450980392156862,0.9411764705882353,0.4745098039215686
0.9450980392156862,0.9490196078431372,0.49019607843137253
0.9490196078431372,0.9529411764705882,0.5058823529411764
0.9490196078431372,0.9568627450980391,0.5215686274509804
0.9529411764705882,0.9647058823529412,0.5372549019607843
0.9568627450980391,0.9686274509803922,0.5529411764705883
0.9607843137254902,0.9725490196078431,0.5686274509803921
0.9647058823529412,0.9803921568627451,0.5843137254901961
0.9686274509803922,0.984313725490196,0.6
0.9764705882352941,0.9882352941176471,0.615686274509804
0.9803921568627451,0.9921568627450981,0.6274509803921569
0.9882352941176471,0.996078431372549,0.6431372549019607