0.0000198725080239126838,0.0000195868017889189583,0.0000195292895369690181
0.000403768728737695446,0.00031691578261858769,0.000338441383129686594
0.00121527488790232037,0.000884781545481797601,0.000968860950813726029
0.00243756086962753238,0.00167928450859665098,0.00187452972828956602
0.00406870728338032915,0.00267587072992021488,0.00303718920494935743
0.00611146022089140671,0.00385737878747285544,0.0044451762601698825
0.00857075607659627155,0.00521058802051562429,0.00609026183597126923
0.0114527552500249107,0.0067247207014150311,0.00796630855582211757
0.0147643773119375838,0.00839065668162071974,0.0100685782994436382
0.0185130469469415547,0.0102004714577601952,0.0123933302198236655
0.022706542150629859,0.0121471423614387466,0.0149375677473265814
0.0273528971685235572,0.0142243507474678465,0.0176988696724970571
0.0324603369368067288,0.0164263429404214248,0.0206752721463373014
0.0380372306811843086,0.0187478291314512185,0.0238651832442431586
0.0439410614382791595,0.0211839078617091711,0.0272673192823378319
0.0498113864303289869,0.0237300083745752982,0.0308806561912637334
0.0556509165384596952,0.0263818458194831663,0.0347043916275178374
0.0614637712989187304,0.0291353859329501162,0.0387379149371960899
0.0672534781398947679,0.0319868168606963488,0.0428942943300730309
0.0730230790201419622,0.0349325264626926743,0.0469981238603026583
0.0787752131460955907,0.0379690838983075957,0.0510603116309821734
0.0845121820392500944,0.0410794860766313455,0.0550839238476533363
0.0902360013654895377,0.0441369315094052514,0.059071702600512789
0.0959484426880866659,0.0471406768985577138,0.0630261133650021343
0.101651067448554538,0.0500932135844647589,0.0669493838225854454
0.107345254880181679,0.0529968219754267597,0.07084353587873643
0.113032225133077202,0.0558536002251614413,0.0747104122912136959
0.118713058582080783,0.0586654883559216758,0.0785516989857014403
0.124388712063862345,0.0614342886987858591,0.0823689438891520576
0.130060032622712901,0.0641616833308199519,0.0861635729276663542
0.135727769219390365,0.0668492490442605669,0.0899369036976648273
0.141392582762493085,0.069498470272773033,0.0936901572140783623
0.147055054749142711,0.0721107503151401097,0.0974244680585995837
0.152715694745552133,0.0746874211309767888,0.101140893188466224
0.158374946894216911,0.0772297519315524872,0.10484041961731233
0.164033195599992992,0.0797389567481376349,0.10852397114103382
0.169690770520006473,0.0822162011279260474,0.112192414250957495
0.175347950960536597,0.0846626080816613169,0.115846563352072357
0.181004969766501572,0.0870792633861694754,0.119487185384323985
0.186662016775003492,0.0894672203280244827,0.123115003928956135
0.192319241892876691,0.0918275039606945564,0.126730702868825928
0.197976757848750962,0.0941611149361281097,0.130334929660913368
0.203634642662391507,0.0964690329623238974,0.133928298270415164
0.209292941867671223,0.0987522199306211934,0.137511391808509131
0.214951670520206695,0.101011622749926644,0.141084764909783306
0.220610815016247574,0.103248175919633811,0.144648945880236995
0.226270334745688473,0.105462803868399346,0.148204438642489111
0.231930163598939365,0.107656423082046482,0.151751724501225066
0.23759021134474384,0.109829944040579858,0.155291263748862568
0.243250364893788762,0.111984272981485139,0.158823497128826624
0.248910489461041939,0.114120313504087717,0.162348847171612048
0.254570429638113549,0.116238968027696121,0.165867719416923215
0.260230010385551158,0.118341139114491178,0.16938050353355738
0.265889037953763174,0.120427730666597427,0.172887574347297179
0.271547300740234199,0.122499649005477246,0.176389292785876062
0.27720457008979843,0.124557803840644743,0.179886006749029243
0.282860601043958437,0.126603109133732933,0.183378051910739609
0.288515133044554672,0.128636483863103002,0.186865752459992318
0.294167890596510606,0.130658852693460309,0.19034942178566544
0.299818583893851076,0.132671146554322245,0.193829363110576414
0.305466909412745402,0.134674303130649986,0.197305870079175938
0.311112550474928418,0.136669267268508865,0.200779227302912699
0.316755177784495245,0.138656991298241522,0.204249710866882372
0.3223944499407701,0.140638435277322726,0.207717588801012654
0.328030013929659081,0.1426145671548118,0.211183121518711381
0.333661505595667263,0.144586362859113915,0.214646562225623838
0.33928855009654052,0.146554806310606661,0.218108157300889394
0.344910762342293342,0.148520889360585801,0.221568146653063902
0.350527747420228686,0.150485611657902779,0.225026764052674633
0.356139101007386827,0.152449980444646693,0.228484237443189853
0.361744409771729725,0.154415010282228676,0.231940789232033429
0.367343251763248391,0.156381722709250187,0.235396636563121764
0.372935196796062407,0.158351145832616891,0.23885199157227871
0.378519806822487814,0.16032431385344495,0.242307061626763631
0.384096636299952776,0.162302266529424338,0.24576204955004477
0.389665232551566987,0.16428604857544632,0.249217153832856308
0.395225136121076459,0.166276709004450296,0.252672568831492805
0.400775881122855337,0.168275300410637485,0.25612848495421553
0.406316995587549024,0.170282878197367427,0.259585088836578937
0.411848001803909403,0.172300499752266856,0.263042563506420746
0.417368416657315888,0.174329223572284781,0.266501088539201458
0.422877751965442028,0.176370108341633441,0.269960840204327757
0.428375514811463964,0.17842421196578534,0.273421991603048142
0.43386120787519622,0.180492590564889366,0.276884712798463328
0.439334329762476106,0.182576297430202566,0.280349170938159253
0.444794375333106118,0.184676381947318585,0.283815530369926072
0.450240836027631153,0.186793888490175142,0.287283952751007266
0.455673200193187411,0.188929855290002141,0.290754597151278604
0.46109095340864642,0.191085313283536423,0.294227620150738278
0.466493578809256848,0.193261284944965389,0.297703175931663067
0.471880557410945423,0.195458783106202794,0.301181416365758681
0.477251368434447099,0.197678809770176156,0.304662491096615862
0.482605489629384821,0.199922354921897249,0.308146547617759614
0.487942397598424449,0.20219039534213068,0.311633731346565746
0.493261568121610428,0.204483893428473618,0.315124185694298009
0.498562476480953476,0.206803796028670217,0.318618052132504326
0.503844597785356396,0.209151033290928101,0.322115470256003344
0.509107407295925185,0.211526517535916836,0.325616577842663568
0.514350380751716463,0.213931142155037002,0.329121510910186876
0.519572994695950419,0.216365780539399699,0.332630403770074579
0.524774726802707869,0.218831285043782853,0.336143389078961574
0.529955056204131303,0.221328485989637724,0.339660597887483096
0.535113463818112534,0.223858190710990557,0.343182159686833355
0.540249432676477403,0.226421182646822594,0.346708202453170744
0.545362448253632226,0.229018220483251211,0.35023885269000421
0.550451998795646658,0.231650037348527904,0.353774235468704457
0.555517575649746131,0.234317340063551538,0.357314474467263499
0.560558673594152013,0.237020808450280063,0.360859692007422628
0.565574791168231172,0.239761094700062738,0.364410009090287757
0.570565431002888812,0.242538822803590737,0.367965545430538998
0.575530100151131818,0.24535458804378163,0.371526419489338178
0.580468310418737254,0.248208956552588012,0.375092748506032914
0.585379578694940839,0.251102464932338176,0.378664648528752479
0.590263427283050479,0.254035619941890445,0.382242234443979201
0.595119384230906046,0.257008898247528095,0.385825620005185055
0.599946983661071242,0.260022746238198543,0.389414917860610388
0.604745766100658444,0.263077579904386127,0.393010239580259546
0.609515278810673911,0.266173784779598466,0.396611695682186849
0.614255076114768484,0.269311715943174545,0.40021939565814052
0.618964719727268853,0.272491698082857781,0.403833447998628803
0.623643779080363392,0.275714025615331593,0.407453960217465716
0.628291831650316102,0.278978962862701962,0.411081038875861393
0.632908463282559564,0.28228674428272571,0.414714789606102197
0.637493268515546774,0.285637574750386036,0.418355317134880111
0.642045850903196658,0.289031629888305774,0.422002725306311333
0.646565823335793155,0.292469056443342867,0.425657117104695504
0.651052808359195767,0.295949972706621822,0.429318594677056298
0.655506438492178267,0.29947446897419,0.432987259355498588
0.659926356541770231,0.303042608045414441,0.43666321167942862
0.664312215916409876,0.306654425756238191,0.440346551417659604
0.668663680936755767,0.310309931544374362,0.444037377590444871
0.672980427143987425,0.314009109043544343,0.447735788491462727
0.677262141605424639,0.317751916703892801,0.451441881709781001
0.681508523217283835,0.321538288435756658,0.455155754151828351
0.685719283004406543,0.325368134274018839,0.458877502063391784
0.689894144416771438,0.329241341060362069,0.462607221051663797
0.694032843622621409,0.333157773140810132,0.466345006107356574
0.6981351297980114,0.337117273076052992,0.470090951626900344
0.702200765412606009,0.341119662362137199,0.473845151434739764
0.706229526511538808,0.345164742159232485,0.477607698805742997
0.710221202993141287,0.349252294026293431,0.481378686487731577
0.714175598882380136,0.353382080659536912,0.485158206724145391
0.718092532599779121,0.357553846632827021,0.488946351276844105
0.721971837225680812,0.361767319138117494,0.492743211449057694
0.725813360759638759,0.36602220872428598,0.49654887810848608
0.729616966374759035,0.370318210032784312,0.500363441710553913
0.733382532666809417,0.374655002528662906,0.504186992321819516
0.737109953897924441,0.379032251225642047,0.508019619643543252
0.740799140234697728,0.38344960740403583,0.511861413035407664
0.744450017980513579,0.387906709320423537,0.515712461539396205
0.748062529801916898,0.392403182908099279,0.519572853903818355
0.751636634948852911,0.39693864246741356,0.523442678607484058
0.755172309468614134,0.40151269134523393,0.527322023884019497
0.758669546413301976,0.4061249226028531,0.531210977746318647
0.762128356040657429,0.41077491967173585,0.535109628011121163
0.765548766008084414,0.415462256996614265,0.539018062323717184
0.768930821559710376,0.420186500665491902,0.542936368182757922
0.772274585706331118,0.424947209026211636,0.54686463296517529
0.775580139398076462,0.429743933289293834,0.550802943951193336
0.77884758168966739,0.434576218116822233,0.55475138834942328
0.78207702989810679,0.439443602197212624,0.558710053322032718
0.785268619752685026,0.444345618805739251,0.562679026009976324
0.788422505537146878,0.449281796350768758,0.566658393558276741
0.791538860223923169,0.454251658905650169,0.570648243141343992
0.79461787560028263,0.459254726726294027,0.574648661988322873
0.797659762386316307,0.464290516754469584,0.578659737408452335
0.800664750344638687,0.469358543106900228,0.582681556816429414
0.803633088381713767,0.474458317550250863,0.586714207757760064
0.806565044640712991,0.479589349962132372,0.590757777934088013
0.809460906585843909,0.48475114877825104,0.594812355228487299
0.812320981078057058,0.489943221425868714,0.598878027730708862
0.815145594442096999,0.495165074743720124,0.602954883762360838
0.817935092524822771,0.500416215388583829,0.607043011902022589
0.820689840744778354,0.505696150228664654,0.611142501010268568
0.823410224132987034,0.511004386723987181,0.615253440254596828
0.826096647364938819,0.516340433293981049,0.619375919134248387
0.828749534783785324,0.52170379967245395,0.623510027504907471
0.831369330414748697,0.527093997250123736,0.627655855603268087
0.833956497970773425,0.532510539404910999,0.631813494071460591
0.836511520849457013,0.537952941820159847,0.63598303398132372
0.839034902121326587,0.54342072279096354,0.640164566858515083
0.841527164509536907,0.548913403518767828,0.644358184706448345
0.843988850361067189,0.55443050839440644,0.648563980030049669
0.846420521609567711,0.559971565269712257,0.65278204585932087
0.848822759729953913,0.565536105717861059,0.657012475772706161
0.851196165684935169,0.571123665282565529,0.661255363920251194
0.85354135986363644,0.576733783716245729,0.665510805046543807
0.855858982012564606,0.582366005207266557,0.669778894513436196
0.858149691159109329,0.588019878596360845,0.674059728322536023
0.860414165527883079,0.593694957582292959,0.678353403137461619
0.862653102450207876,0.599390800916833944,0.682660016305857043
0.864867218267061366,0.605106972589105729,0.68697966588115833
0.867057248225898247,0.610843041999306835,0.691312450644105514
0.869223946371750489,0.61659858412184787,0.695658470124000394
0.871368085433101513,0.622373179657875197,0.700017824619696194
0.873490456703036822,0.628166415177173087,0.704390615220325533
0.875591869916290122,0.633977883249370211,0.708776943825750627
0.877673153122807026,0.639807182564393395,0.713176913166741033
0.879735152558571043,0.645653918042061847,0.717590626824868627
0.881778732514481578,0.651517700930681065,0.72201818925211958
0.883804775204185211,0.657398148894487222,0.726459705790211907
0.885814180631837367,0.663294886089732083,0.7309152826896268
0.887807866460909034,0.669207543229172419,0.735385027128330537
0.889786767885252794,0.67513575763468292,0.739869047230200194
0.891751837503783063,0.681079173277661321,0.744367452083134928
0.893704045200308439,0.687037440806835598,0.748880351756847418
0.895644378030199029,0.693010217563015063,0.753407857320331775
0.897573840115775234,0.698997167580287071,0.75795008085899862
0.899493452552571737,0.704997961573024412,0.762507135491460319
0.901404253328819571,0.711012276908038365,0.767079135385961064
0.903307297260868003,0.717039797561051073,0.77166619577643647
0.905203655947539376,0.72308021405657763,0.776268432978180267
0.907094417746855064,0.72913322339013964,0.78088596440310809
0.908980687778974006,0.73519852893159432,0.785518908574582286
0.910863587959790943,0.741275840308130429,0.790167385141782752
0.912744257070152387,0.747364873265311425,0.794831514893583502
0.914623850866460697,0.753465349504232273,0.799511419771897325
0.916503542239223812,0.75957699649258148,0.804207222884445128
0.918384521427127454,0.765699547247007839,0.808919048516895112
0.920267996295356383,0.771832740083782887,0.813647022144304066
0.922155192688330794,0.777976318334195227,0.818391270441792606
0.924047354868647419,0.784130030020524727,0.823151921294353772
0.925945746056072272,0.790293627487658523,0.827929103805694733
0.927851649082798491,0.796466866984534838,0.832722948305972932
0.929766367184198805,0.802649508188459149,0.83753358635828179
0.931691224947811203,0.80884131366401335,0.842361150763689337
0.933627569447789574,0.815042048246577999,0.847205775564602415
0.935576771597460111,0.82125147833844736,0.852067596046186204
0.937540227759479761,0.827469371102896756,0.856946748735496255
0.939519361661562802,0.833695493538360477,0.861843371397912117
0.941515626676602602,0.839929611410718091,0.866757603030355206
0.943530508539787705,0.84617148801645059,0.871689583850663752
0.945565528592943294,0.852420882742665032,0.876639455282320679
0.947622247669512974,0.858677549381133831,0.881607359933529899
0.949702270763709611,0.864941234141924364,0.886593441569367258
0.951807252667618786,0.871211673296746425,0.891597845075354667
0.95393890481401844,0.877488590361381604,0.896620716410319041
0.956099003636342037,0.883771692698195777,0.901662202545736147
0.958289400859021812,0.89006066738046119,0.906722451387810713
0.96051203627462145,0.896355176104924989,0.911801611677253265
0.962768953769036151,0.902654848859851255,0.916899832859825792
0.965062321655242417,0.908959275939865696,0.92201726491799485
0.967394458822715131,0.915267997725758509,0.927154058149921134
0.969767868893716689,0.921580491381748246,0.932310362875731769
0.972185285655750797,0.927896153203481955,0.937486329041103517
0.974649734795464018,0.934214274666277156,0.942682105671980852
0.977164619931591649,0.940534009064064924,0.947897840106841305
0.979733846207492154,0.946854323574351731,0.953133676884251435
0.982362004539907852,0.953173927738158011,0.958389756072442478
0.985054659255365839,0.959491161654770663,0.96366621064562008
0.987818824409932072,0.965803810498653381,0.968963162116672216
0.990663816766068517,0.972108771639417113,0.974280712681537042
0.99360295986021796,0.978401387971434278,0.979618929463953125
0.996657603344636933,0.984673871153506686,0.984977807222220725
0.999869848054156241,0.990910294518388413,0.990357149878326015
1,0.997043782662109357,0.995755557520721202