0.0000198725080239126838,0.0000195868017889189583,0.0000195292895369690181
0.000396657909229517489,0.000326385717674660802,0.000274923116643048949
0.00118690023141089529,0.00092116319853128095,0.000729760077619402096
0.00237029437769809611,0.00176306488371329607,0.00133273465802504604
0.00394189219292319457,0.00283003657234376762,0.00205402415425605346
0.00590165633408146813,0.00410709285753121586,0.00287253983494584241
0.00825188685879752262,0.00558298372618485673,0.00377201372500768437
0.010996202784590476,0.00724876027483929621,0.00473925050275765623
0.0141390462518923409,0.00909702742029333024,0.00576319118806019586
0.0176854086309916614,0.0111215065638163475,0.00683435274754755091
0.0216406654005037516,0.0133167585558225145,0.00794446618293619816
0.0260104698615751216,0.0156779977825897178,0.00908622940004956761
0.0308006810771962632,0.0182009618018215795,0.0102531310747736963
0.0360173128670847956,0.0208818167223234347,0.0114393207768129484
0.041635712972242063,0.0237170865988026031,0.0126395105076805864
0.0472858411792874342,0.0267035995420679927,0.0138488983067405411
0.0528991184194776351,0.029838445812293387,0.0150631078025841702
0.0584797990080066568,0.0331189447206994003,0.0162781395633839823
0.0640315356367102129,0.0365426181470861061,0.017490331357946462
0.069557487850287314,0.0401071691204481773,0.0186963252661181516
0.0750604062609695477,0.0436772836052242222,0.0198930401360127192
0.080542698850186556,0.0471930270003343214,0.0210776482724099601
0.0860064838256106856,0.0506622415268961138,0.0222475555143097602
0.09145363223779443,0.0540875965345745321,0.0234003840568659596
0.0968858026928604843,0.0574715185465172404,0.0245339575175382053
0.102304469890895117,0.060816224543075538,0.0256462878539651627
0.107710948288160635,0.0641237496787056549,0.0267355638223387981
0.113106411869636936,0.0673959705398493036,0.0278001407271910444
0.118491910790218702,0.0706346247984908637,0.0288385312615605724
0.12386838547367332,0.0738413279276848855,0.0298493972740671819
0.129236678631451857,0.0770175875034938562,0.0308315423290687791
0.134597545567101712,0.0801648155097821058,0.0317839049496906889
0.13995166305818485,0.0832843389792964628,0.0327055524524859573
0.145299637050488706,0.0863774092400408366,0.0335956752978422493
0.150642009354752304,0.0894452099855263805,0.0344535818927703061
0.155979263501056009,0.092488864347700317,0.0352786937929950653
0.161311829878239138,0.0955094411197220661,0.0360705412597617514
0.166640090263509843,0.0985079602504373986,0.0368287591338336342
0.171964381829581986,0.101485397711986947,0.0375530829950606951
0.177285000702238793,0.104442689825438584,0.0382433455808567427
0.182602205129489464,0.107380737115823161,0.0388994734411113735
0.187916218313873978,0.11030040775688435,0.0395214838106150157
0.193227230951570489,0.11320254065670482,0.0401094816830990172
0.198535403515420872,0.116087948227814874,0.0406597173243934198
0.203840868313570511,0.118957418879069743,0.0411681375953356146
0.209143731350870776,0.121811719261320589,0.041640751428807736
0.214444074016413355,0.124651596294464484,0.0420786958276718678
0.219741954617353685,0.127477778999731339,0.0424831014422288947
0.225037409776487673,0.13029098015789542,0.0428550958423734238
0.230330455708753212,0.133091897811417198,0.0431958067005569282
0.235621089389876137,0.135881216626225931,0.0435063649070260225
0.240909289628712997,0.138659609126897704,0.0437879076362482147
0.246195018053425918,0.141427736817297145,0.0440415813810961024
0.251478220020381227,0.144186251197306908,0.0442685449691713681
0.256758825453620831,0.146935794685021909,0.0444699725735509324
0.262036749621836707,0.149677001452695496,0.044647056728178279
0.267311893858976635,0.152410498183804005,0.0448010113560509751
0.272584146233935509,0.155136904757762512,0.0449330748162268048
0.277853382174177432,0.157856834868128598,0.0450445129734379432
0.283119465047604546,0.160570896579507461,0.0451366222917258322
0.288382246706544165,0.163279692827824091,0.045210732950947817
0.293641567997307007,0.165983821868162851,0.0452682119822247556
0.298897259238421586,0.16868387767395121,0.0453104664153510181
0.304149140670345874,0.171380450290898656,0.0453389464278653245
0.309397022879163319,0.174074126148785841,0.0453551484818319125
0.314640707196544467,0.17676548833390579,0.0453606184304063478
0.3198799860780282,0.179455116824716848,0.0453569545719444064
0.325114643461491715,0.182143588693042369,0.0453458106247562401
0.330344455107504265,0.18483147827295679,0.0453288985906349709
0.335569188923107886,0.187519357299327172,0.0453079914700362171
0.340788605270433809,0.190207795017830111,0.0452849257863046709
0.34600245726144846,0.192897358268116326,0.0452616038707482418
0.351210491040003125,0.195588611541697044,0.0452399958547311867
0.356412446052271459,0.19828211701600168,0.0452221413094959293
0.361608055306578358,0.200978434565973307,0.0452101504692817221
0.366797045623532325,0.203678121754485297,0.0452062049687549858
0.371979137877315513,0.206381733802787681,0.0452125580220578485
0.377154047228913658,0.209089823542128239,0.0452315339682479375
0.382321483352022318,0.211802941347636053,0.0452655271068905032
0.387481150652299877,0.214521635055509918,0.045316999748437399
0.392632748480605975,0.217246449864500868,0.0453884794072109063
0.39777597134081516,0.219977928222646224,0.045482555070618956
0.40291050909275411,0.222716609700176094,0.0456018724870797601
0.408036047150785008,0.225463030849484103,0.0457491284272386264
0.413152266678523283,0.228217725053019405,0.0459270638886667346
0.418258844780143246,0.230981222359945837,0.0461384562333292184
0.423355454688708166,0.233754049312382861,0.0463861102696355096
0.428441765951936115,0.23653672876202414,0.0466728483164714977
0.433517444615778236,0.239329779677922017,0.0470014993147467516
0.43858215340619866,0.242133716946190347,0.0473748870818569631
0.443635551909472792,0.244949051162396569,0.0477958178350573401
0.448677296751374632,0.247776288417357382,0.0482670671398262238
0.453707041775536057,0.250615930077081162,0.0487913664674593725
0.458724438221297881,0.25346847255756827,0.0493713895709110354
0.463729134901345985,0.256334407095156369,0.0500097389077589008
0.468720778379385472,0.259214219513125233,0.050708932352741938
0.473699013148144721,0.2621083899852234,0.0514713904484152898
0.478663481807944435,0.26501739279679104,0.052299424440234242
0.483613825246072049,0.267941696104145366,0.0531952253313495368
0.488549682817211728,0.270881761692860157,0.054160854172654517
0.493470692525128374,0.273838044735591701,0.0551982337756579192
0.498376491205832217,0.276810993550066664,0.0563091420006656199
0.503266714712425345,0.279801049357842002,0.0574952067320051233
0.508140998101823893,0.282808646044442669,0.0587579026074257285
0.51299897582353704,0.285834209921457083,0.0600985495224787211
0.517840281910682765,0.288878159491169406,0.0615183128846641461
0.522664550173415954,0.291940905214276569,0.0630182055485401238
0.527471414394908966,0.295022849281244892,0.0645990913236155484
0.532260508530059018,0.298124385387823543,0.0662616899132047188
0.537031466907049948,0.301245898515232646,0.0680065831156137224
0.541783924431904706,0.304387764715518427,0.0698342220996438778
0.546517516796160008,0.307550350902553338,0.0717449355547006284
0.55123188068777107,0.310734014649142243,0.0737389385114575191
0.555926654005362675,0.313939103990673873,0.0758163416315452421
0.560601476075922256,0.317165957235742757,0.0779771607731706839
0.565255987876016053,0.320414902784147137,0.0802213266529302471
0.569889832256627593,0.323686258952642303,0.0825486944411763235
0.574502654171672455,0.32698033380881758,0.084959053147986574
0.57909410091025515,0.33029742501344439,0.0874521346779836284
0.583663822332726956,0.333637819671610103,0.090027622453920958
0.588211471110572259,0.337001794192953841,0.0926851595303036235
0.592736702970170226,0.340389614161274223,0.095424356138613331
0.597239176940438599,0.343801534213782067,0.0982447966244574811
0.601718555604378813,0.347237797930232295,0.101146045753819691
0.606174505354517335,0.350698637732156315,0.104127654380335749
0.610606696652228997,0.354184274792398446,0.107189164478050769
0.615014804290931139,0.357694918955126118,0.110330113554485493
0.6193985076630939,0.36123076866648357,0.113550038467118752
0.623757491031038724,0.364792010916014764,0.116848478672757078
0.62809144380146098,0.368378821188979522,0.120224978943877625
0.632400060803597897,0.371991363429659938,0.123679091589128182
0.636683042570975188,0.375629790015729215,0.12721037821695727
0.640940095626627904,0.379294241743745986,0.130818411082050501
0.645170932771689354,0.382984847825809327,0.134502774054046148
0.649375273377229667,0.386701725897399262,0.138263063247106605
0.653552843679223838,0.390444982036393551,0.142098887347489183
0.657703377076476525,0.394214710793260203,0.146009867674414345
0.66182661443138413,0.398010995232374987,0.149995638007434956
0.66592230437333122,0.401833906984425116,0.154055844211221676
0.669990203604564516,0.405683506309822806,0.158190143686343709
0.674030077208328193,0.409559842173051858,0.162398204672220853
0.67804169895907962,0.413462952327835698,0.166679705426116043
0.682024851634534524,0.417392863413028392,0.171034333299750124
0.685979327329338639,0.421349591059077655,0.175461783732975468
0.689904927770104259,0.425333140004932775,0.179961759181915537
0.693801464631568665,0.429343504225222994,0.184533967997069892
0.697668759853588449,0.433380667067549741,0.189178123265135056
0.70150664595871981,0.437444601399685662,0.19389394162669088
0.705314966370061858,0.44153526976650409,0.198681142080409268
0.709093575729096926,0.445652624556408028,0.203539444783145229
0.712842340213186487,0.449796608177045643,0.208468569854037777
0.716561137852421148,0.453967153240075916,0.213468236189696681
0.720249858845489421,0.458164182754735083,0.218538160296573802
0.723908405874228111,0.462387610329947074,0.223678055145772936
0.727536694416495155,0.466637340384712107,0.228887629054779829
0.73113465305703762,0.470913268366491444,0.234166584599940719
0.734702223795951625,0.475215280977307419,0.239514617562905596
0.738239362354407791,0.479543256407250651,0.244931415913758332
0.741746038477234415,0.483897064575098901,0.250416658833064853
0.74522223623199757,0.488276567375722947,0.255970015774711401
0.748667954304184535,0.492681618933965504,0.261591145571018036
0.752083206288106321,0.497112065864650787,0.267279695581338073
0.755468020973131815,0.501567747538391284,0.273035300885068444
0.758822442624850657,0.506048496352848098,0.278857583519766916
0.762146531260783688,0.510554138009082337,0.284746151764882993
0.765440362920251971,0.515084491792637822,0.290700599471414023
0.76870402992798581,0.519639370859003136,0.296720505437651771
0.771937641151123399,0.524218582523055532,0.302805432831055432
0.775141322249180753,0.528821928552130838,0.308954928656148209
0.7783152159166421,0.533449205462315557,0.315168523268251621
0.78145948211775873,0.538100204817595795,0.321445729932759106
0.78457429831322878,0.542774713531447461,0.327786044429572154
0.787659859678367047,0.547472514170484703,0.334188944702247304
0.790716379312437434,0.552193385259760361,0.340653890551331273
0.793744088438790296,0.556937101589324857,0.347180323371287902
0.796743236595497506,0.561703434521616196,0.353767665930378949
0.799714091816159933,0.566492152299301499,0.360415322192779941
0.802656940800596797,0.571303020353132074,0.367122677182178225
0.805572089075138331,0.576135801609425013,0.373889096886033612
0.808459861142259206,0.58099025679673777,0.38071392819963934
0.811320600619315657,0.585866144751341245,0.387596498909063836
0.814154670366166622,0.590763222721068515,0.394536117712008194
0.816962452601479927,0.595681246667132513,0.401532074275561479
0.819744349007586193,0.600619971563492006,0.408583639329784587
0.82250078082368927,0.605579151693373508,0.415690064796006287
0.82523218892738015,0.610558540942525707,0.422850583948655268
0.827939033904334765,0.615557893088808483,0.43006441160940645
0.830621796106189469,0.620576962087710293,0.437330744372360247
0.833280975696562121,0.625615502353397357,0.444648760858918968
0.835917092685279361,0.63067326903488774,0.452017622000963237
0.838530686950883619,0.635750018286967422,0.459436471350878561
0.841122318251528056,0.64084550753545122,0.46690443541690857
0.843692566224479301,0.645959495736394329,0.474420624022255877
0.846242030374414256,0.651091743628879782,0.481984130686277157
0.848771330050841266,0.656242013980989136,0.489594033026051034
0.851281104414951972,0.661410071828590018,0.497249393176517784
0.85377201239638767,0.666595684706534075,0.504949258227315179
0.856244732640340955,0.671798622871928153,0.512692660674339051
0.858699963445628378,0.677018659519065813,0.520478618883983502
0.861138422694365358,0.682255570985656812,0.528306137567895462
0.863560847773995888,0.687509136949978283,0.536174208265993268
0.865967995492555098,0.692779140618555944,0.544081809835366692
0.868360641988128123,0.698065368903982852,0.552027908942561263
0.870739582633608844,0.703367612592490477,0.560011460556601559
0.873105631937989179,0.708685666500851519,0.568031408439967689
0.87545962344560313,0.714019329622187504,0.576086685634547679
0.877802409634854564,0.719368405260252697,0.584176214939416405
0.880134861818232084,0.724732701151707959,0.592298909377070304
0.882457870045552095,0.730112029575907706,0.600453672644488789
0.884772343012695139,0.735506207451650185,0.608639399545142457
0.887079207978310857,0.740915056420323959,0.616854976397725241
0.889379410691328198,0.746338402914818788,0.625099281417033525
0.891673915332452105,0.751776078213504562,0.633371185062000963
0.893963704473254017,0.757227918478498796,0.64166955034538975
0.89624977905692238,0.762693764777367611,0.649993233099092849
0.898533158405344867,0.768173463087261976,0.658341082188324433
0.900814880257757244,0.77366686428039122,0.66671193966718556
0.90309600084706243,0.779173824089536948,0.675104640867197681
0.90537759502070414,0.784694203052136774,0.683518014409277064
0.907660756414108594,0.790227866431229553,0.691950882128341105
0.909946597685923453,0.795774684111255404,0.700402058898183189
0.912236250825767314,0.801334530466370043,0.708870352342386934
0.914530867546999304,0.806907284198505881,0.717354562414806884
0.916831619779167162,0.812492828141917922,0.725853480830419673
0.919139700277419314,0.818091049030284734,0.734365890324031434
0.921456323369293839,0.823701837221734845,0.742890563710256857
0.923782725863316667,0.829325086376136444,0.751426262713178916
0.926120168148554024,0.834960693077882454,0.759971736527870867
0.928469935520407352,0.840608556395864959,0.768525720068214846
0.93083333977539795,0.846268577370524078,0.77708693184566191
0.933211721127320426,0.851940658415440977,0.785654071411237775
0.935606450509285814,0.857624702617980628,0.794225816277259966
0.938018932341871281,0.863320612919553976,0.802800818214874257
0.940450607867958865,0.869028291151019761,0.811377698796993729
0.942902959181647127,0.874747636892058367,0.819955044021355217
0.9453775141140629,0.880478546114483396,0.828531397802040326
0.947875852186802814,0.886220909557467684,0.837105254055399373
0.950399611908712472,0.891974610766370413,0.845675047021166915
0.952950499781892613,0.897739523704173204,0.8542391393416916
0.955530301509302738,0.903515509812723883,0.862795807256363401
0.958140896077525617,0.909302414355295352,0.871343222030775411
0.960784273652755982,0.915100061805191212,0.879879426393063713
0.963462558622869669,0.920908249945281643,0.888402304231186601
0.966178039723127102,0.926726742190171482,0.896909541010050271
0.968933210135830447,0.932555257400964455,0.905398571113786854
0.971730822006091954,0.938393456068180365,0.913866506275009982
0.974573962442275898,0.944240921069786299,0.92231003579171722
0.977466162719529019,0.950097130025627012,0.930725283099384071
0.980411561094511108,0.95596141405000068,0.939107591795310226
0.983415156983267536,0.961832893266673206,0.947451191298465889
0.98648323184856268,0.967710369815557914,0.955748642619426714
0.98962410282101454,0.97359213580018833,0.963989844714994715
0.992849628029840559,0.979475588569174049,0.97216004686588342
0.996178756484753625,0.98535632056566802,0.980235154035826395
0.999648764236798715,0.991225228224222099,0.988166841265714413
1,0.997043782662109357,0.995755557520721202