1.987250802391268381e-05,1.958680178891895828e-05,1.952928953696901807e-05
3.637201550244079638e-04,3.400709258734685393e-04,2.679489893497485594e-04
1.060790567348035996e-03,9.734327147789022857e-04,7.040501657024447225e-04
2.080873136167588934e-03,1.882807641619599045e-03,1.275399753533248796e-03
3.410966151702131410e-03,3.049365839249784313e-03,1.951400956178295665e-03
5.044107057469966217e-03,4.460879393108380976e-03,2.710408334866853085e-03
6.976396826382407108e-03,6.108555174416603444e-03,3.535737043174837137e-03
9.205764358890679289e-03,7.985690297226861328e-03,4.413872987673797890e-03
1.173134019483047276e-02,1.008697873763612918e-02,5.333511481223071789e-03
1.455309811607882406e-02,1.240810892798026831e-02,6.284980590152268107e-03
1.767163223230041463e-02,1.494551062438356781e-02,7.259868016831059166e-03
2.108800954640666428e-02,1.769618602971190918e-02,8.250765877111708099e-03
2.480366768614418113e-02,2.065759195467777726e-02,9.251088498306416288e-03
2.882034119602018551e-02,2.382755463138830007e-02,1.025493784619140383e-02
3.314000670149721411e-02,2.720420634833705179e-02,1.125700132761012565e-02
3.776484100014931150e-02,3.078593719884254593e-02,1.225247235445466563e-02
4.262463972390482386e-02,3.457135761389559109e-02,1.323698736507263746e-02
4.745083413553056323e-02,3.855926878761211513e-02,1.420657503070102932e-02
5.223959392970464050e-02,4.267363880045007413e-02,1.515761466886561028e-02
5.699449129754990268e-02,4.673412075364536539e-02,1.608680173711339242e-02
6.171865910583718834e-02,5.074991307831287074e-02,1.699111885621557710e-02
6.641486156032266885e-02,5.472410416091908619e-02,1.786781121086052429e-02
7.108555065796387518e-02,5.865945940516009011e-02,1.871436545813340985e-02
7.573291179301649967e-02,6.255846886199223356e-02,1.952849147766580473e-02
8.035890097551309785e-02,6.642338616200837986e-02,2.030810644667140064e-02
8.496527548552762488e-02,7.025626063020956602e-02,2.105132083431422718e-02
8.955361933415215137e-02,7.405896399858694079e-02,2.175642599385477563e-02
9.412536457482431618e-02,7.783321279540547644e-02,2.242188309525592477e-02
9.868180926858444169e-02,8.158058724296021746e-02,2.304631319063066633e-02
1.032241327285043642e-01,8.530254731177774885e-02,2.362848824376512918e-02
1.077534085344945547e-01,8.900044644093171864e-02,2.416732298562748044e-02
1.122706157078554035e-01,9.267554332894112346e-02,2.466186748221057407e-02
1.167766483567720948e-01,9.632901211889441373e-02,2.511130032068504409e-02
1.212723240434179783e-01,9.996195123876927546e-02,2.551492233573433160e-02
1.257583910760093349e-01,1.035753911088919954e-01,2.587215081089935462e-02
1.302355348919041755e-01,1.071703008898248766e-01,2.618251410040043844e-02
1.347043836682388085e-01,1.107475944132582379e-01,2.644564662569034649e-02
1.391655132729714694e-01,1.143081354139048600e-01,2.666128420829578030e-02
1.436194516501536067e-01,1.178527421606050951e-01,2.682925970660329784e-02
1.480666827178527545e-01,1.213821915688000630e-01,2.694949892936814723e-02
1.525076498445920303e-01,1.248972228634511183e-01,2.702201680304714901e-02
1.569427589598871575e-01,1.283985408507561099e-01,2.704691377371611083e-02
1.613723813459927714e-01,1.318868188481673309e-01,2.702437242744884158e-02
1.657968561509542693e-01,1.353627013148991365e-01,2.695465431569227938e-02
1.702164926572420078e-01,1.388268062190065044e-01,2.683809697445573711e-02
1.746315723353580318e-01,1.422797271720234458e-01,2.667511112808243837e-02
1.790423507077268384e-01,1.457220353578715655e-01,2.646617807006800688e-02
1.834490590447386549e-01,1.491542812791333827e-01,2.621184721483921579e-02
1.878519059118978485e-01,1.525769963407332674e-01,2.591273381567581538e-02
1.922510785845501502e-01,1.559906942884768666e-01,2.556951684504537442e-02
1.966467443445715224e-01,1.593958725176774782e-01,2.518293703457457483e-02
2.010390516715786502e-01,1.627930132652146700e-01,2.475379507270519114e-02
2.054281313396990050e-01,1.661825846967363851e-01,2.428294995880028381e-02
2.098140974295859551e-01,1.695650418993248365e-01,2.377131751309024404e-02
2.141970482642352458e-01,1.729408277887306278e-01,2.321986904239580624e-02
2.185770672761626066e-01,1.763103739392357650e-01,2.262963016203214245e-02
2.229542238126271392e-01,1.796741013433011402e-01,2.200167977471282829e-02
2.273285738848571103e-01,1.830324211073557361e-01,2.133714920762912540e-02
2.317001608665642531e-01,1.863857350893998732e-01,2.063722150918405329e-02
2.360690161464708003e-01,1.897344364834854802e-01,1.990313090713356423e-02
2.404351597390643747e-01,1.930789103556111719e-01,1.913616243010998405e-02
2.447986008573646011e-01,1.964195341350973290e-01,1.833765169470282647e-02
2.491593384510911724e-01,1.997566780651013896e-01,1.750898486043831262e-02
2.535173617132821522e-01,2.030907056155684676e-01,1.665159875513723409e-02
2.578726505581195316e-01,2.064219738615875599e-01,1.576698117325419160e-02
2.622251760724299552e-01,2.097508338298484931e-01,1.485667134989047782e-02
2.665749009431195859e-01,2.130776308156298038e-01,1.392226061325872906e-02
2.709217798625662144e-01,2.164027046725338077e-01,1.296539321843457986e-02
2.752657599138182420e-01,2.197263900769783063e-01,1.198776736527808195e-02
2.796067809372826396e-01,2.230490167692755210e-01,1.099113640344214632e-02
2.839447758804247157e-01,2.263709097729728614e-01,9.977310227401656184e-03
2.882796711318841298e-01,2.296923895939801397e-01,8.948156864449769224e-03
2.926113868412764107e-01,2.330137724008862765e-01,7.905604258600259365e-03
2.969398372258528762e-01,2.363353701877483615e-01,6.851642253322657791e-03
3.012649308650925395e-01,2.396574909205302362e-01,5.788324776019929813e-03
3.055865709842081057e-01,2.429804386682812845e-01,4.717772227110859917e-03
3.099046557274785507e-01,2.463045137200542967e-01,3.642174076552714881e-03
3.142190784222432809e-01,2.496300126884857806e-01,2.563791670571432743e-03
3.185297278343280358e-01,2.529572286009012516e-01,1.484961251318707952e-03
3.228364884156309511e-01,2.562864509787305956e-01,4.080971920857689550e-04
3.271392405445098239e-01,2.596179659059807410e-01,-6.643045493637550090e-04
3.314378607596143445e-01,2.629520560874417101e-01,-1.729662756888999042e-03
3.357322219877102443e-01,2.662890008972744749e-01,-2.785307059137232758e-03
3.400221937660450333e-01,2.696290764185727551e-01,-3.828473807553419306e-03
3.443076424597488194e-01,2.729725554744598659e-01,-4.856301727123148518e-03
3.485884314747269008e-01,2.763197076512469708e-01,-5.865827337908914065e-03
3.528644214664899970e-01,2.796707993141442916e-01,-6.853980145576004344e-03
3.571354705453199108e-01,2.830260936159895158e-01,-7.817577599306223604e-03
3.614014344781517618e-01,2.863858504994341581e-01,-8.753319815672705451e-03
3.656621668875308928e-01,2.897503266930052668e-01,-9.657784067284737664e-03
3.699175194479818463e-01,2.931197757014296634e-01,-1.052741903521999499e-02
3.741673420800952221e-01,2.964944477906047426e-01,-1.135853882454173659e-02
3.784114831426329539e-01,2.998745899675689386e-01,-1.214731674246015067e-02
3.826497896229292817e-01,3.032604459558125853e-01,-1.288977883899246162e-02
3.868821073258444931e-01,3.066522561662621826e-01,-1.358179721032431314e-02
3.911082810615079675e-01,3.100502576642482078e-01,-1.421908306539338730e-02
3.953281548320976557e-01,3.134546841327663924e-01,-1.479717955662138498e-02
3.995415720178455143e-01,3.168657658323203452e-01,-1.531145437610584477e-02
4.037483755624876602e-01,3.202837295576350107e-01,-1.575709211903090351e-02
4.079484081583322208e-01,3.237087985915174659e-01,-1.612908641651057337e-02
4.121415124311268996e-01,3.271411926561307859e-01,-1.642223184057841831e-02
4.163275311248771371e-01,3.305811278619542604e-01,-1.663111558456680655e-02
4.205063072867733509e-01,3.340288166546752646e-01,-1.675010892266784804e-02
4.246776844523474925e-01,3.374844677602798493e-01,-1.677335845307804246e-02
4.288415068310038603e-01,3.409482861285796917e-01,-1.669477712973570227e-02
4.329976194920081567e-01,3.444204728754334255e-01,-1.650803508833588451e-02
4.371458685510641318e-01,3.479012252238940506e-01,-1.620655027299611195e-02
4.412861013575404279e-01,3.513907364445326698e-01,-1.578347887066637936e-02
4.454181666824429953e-01,3.548891957951696430e-01,-1.523170556115921968e-02
4.495419149071874787e-01,3.583967884602575760e-01,-1.454383359144708308e-02
4.536571982132247549e-01,3.619136954901444048e-01,-1.371217468372044022e-02
4.577638707725724676e-01,3.654400937404556071e-01,-1.272873878755087507e-02
4.618617889392702680e-01,3.689761558118281881e-01,-1.158522368739733216e-02
4.659508114417810209e-01,3.725220499902282545e-01,-1.027300447761496024e-02
4.700307995763530200e-01,3.760779401880814388e-01,-8.783122918071751412e-03
4.741016174013225615e-01,3.796439858864548156e-01,-7.106276684457386514e-03
4.781631319323564333e-01,3.832203420785129100e-01,-5.232808528359609787e-03
4.822152133385954609e-01,3.868071592144807780e-01,-3.152695363215654665e-03
4.862577351396582537e-01,3.904045831483466955e-01,-8.555372932749900862e-04
4.902905744034617430e-01,3.940127550865262229e-01,1.669453396222315587e-03
4.943136119447826826e-01,3.976318115387192376e-01,4.433463268390848075e-03
4.983267325244855050e-01,4.012618842711881961e-01,7.448088763212436236e-03
5.023298250493369865e-01,4.049031002626760078e-01,1.072534720378945199e-02
5.063227827722932561e-01,4.085555816631931125e-01,1.427768775780065801e-02
5.103055034931505141e-01,4.122194457558922553e-01,1.811800233056337639e-02
5.142778897594396659e-01,4.158948049222475629e-01,2.225963636499589393e-02
5.182398490674181568e-01,4.195817666107620747e-01,2.671639952271676749e-02
5.221912940630123456e-01,4.232804333094070670e-01,3.150257621946265379e-02
5.261321427425557085e-01,4.269909025220103294e-01,3.663293598696368975e-02
5.300623186531304709e-01,4.307132667488018929e-01,4.207521255325757242e-02
5.339817510923531296e-01,4.344476134713074478e-01,4.749377270126433487e-02
5.378903753073855931e-01,4.381940251417998367e-01,5.286336115326892987e-02
5.417881326929735453e-01,4.419525791774935319e-01,5.819939352258318016e-02
5.456749709882919852e-01,4.457233479596687808e-01,6.351431576711027982e-02
5.495508444723635755e-01,4.495063988379093822e-01,6.881834032158032355e-02
5.534157141578184280e-01,4.533017941396194073e-01,7.411996541617013601e-02
5.572695479827365350e-01,4.571095911849930027e-01,7.942635020485175334e-02
5.611123210003109429e-01,4.609298423075898765e-01,8.474359134591724629e-02
5.649440155660737650e-01,4.647625948806655694e-01,9.007693060876761915e-02
5.687646215223982615e-01,4.686078913493982312e-01,9.543091318694588154e-02
5.725741363799851102e-01,4.724657692691422439e-01,1.008095101244254888e-01
5.763725654960556444e-01,4.763362613498262621e-01,1.062162141811585359e-01
5.801599222489325358e-01,4.802193955066086928e-01,1.116541157472067114e-01
5.839362282087144917e-01,4.841151949168830959e-01,1.171259635687202649e-01
5.877015133037212236e-01,4.880236780837255428e-01,1.226342137711655400e-01
5.914558159824025996e-01,4.919448589058529886e-01,1.281810697655808851e-01
5.951991833703699220e-01,4.958787467541538319e-01,1.337685149806117080e-01
5.989316714222535643e-01,4.998253465548381791e-01,1.393983398969433074e-01
6.026533450680228166e-01,5.037846588792427305e-01,1.450721645184820385e-01
6.063642783534768377e-01,5.077566800403049418e-01,1.507914571603503062e-01
6.100645545745420062e-01,5.117414021957116255e-01,1.565575502427253018e-01
6.137542664050718022e-01,5.157388134577148842e-01,1.623716536346113959e-01
6.174335160178071602e-01,5.197488980095795741e-01,1.682348659805849300e-01
6.211024151981786590e-01,5.237716362286319871e-01,1.741481843577465938e-01
6.247610854506304712e-01,5.278070048158348682e-01,1.801125125432400942e-01
6.284096580971444412e-01,5.318549769318279274e-01,1.861286681202075632e-01
6.320482743676507642e-01,5.359155223393375911e-01,1.921973886084923089e-01
6.356770854820468220e-01,5.399886075518374184e-01,1.983193367733642187e-01
6.392962527234890002e-01,5.440741959883529377e-01,2.044951052389848423e-01
6.429059475027163462e-01,5.481722481342488074e-01,2.107252205119897748e-01
6.465063514131016431e-01,5.522827217078519757e-01,2.170101465031924470e-01
6.500976562761838773e-01,5.564055718327303168e-01,2.233502876212781207e-01
6.536800641774314080e-01,5.605407512154351179e-01,2.297459915007571962e-01
6.572537874920080236e-01,5.646882103284937005e-01,2.361975514168738743e-01
6.608190489003136214e-01,5.688478975984365693e-01,2.427052084322660064e-01
6.643760813931193221e-01,5.730197595986055159e-01,2.492691533135701354e-01
6.679251282661037292e-01,5.772037412464952055e-01,2.558895282506583047e-01
6.714664431036362346e-01,5.813997860053509159e-01,2.625664284065909460e-01
6.750002897516699241e-01,5.856078360897345458e-01,2.692999033224431349e-01
6.785269422796184058e-01,5.898278326747655731e-01,2.760899581978934481e-01
6.820466849311478397e-01,5.940597161087102229e-01,2.829365550656373629e-01
6.855598120637887982e-01,5.983034261285989919e-01,2.898396138753112083e-01
6.890666280773416474e-01,6.025589020785350192e-01,2.967990135005529329e-01
6.925674473310623469e-01,6.068260831303278202e-01,3.038145926810656983e-01
6.960625940496276698e-01,6.111049085061155406e-01,3.108861509100300791e-01
6.995524022179351320e-01,6.153953177025737187e-01,3.180134492758879272e-01
7.030372154648031335e-01,6.196972507163570620e-01,3.251962112663710491e-01
7.065173869356672354e-01,6.240106482703673407e-01,3.324341235416461426e-01
7.099932791544113497e-01,6.283354520404660359e-01,3.397268366825660912e-01
7.134652638744820585e-01,6.326716048822247362e-01,3.470739659192388360e-01
7.169337219195112132e-01,6.370190510573068288e-01,3.544750918444414811e-01
7.203990430136383294e-01,6.413777364590771413e-01,3.619297611157946681e-01
7.238616256018096662e-01,6.457476088370321943e-01,3.694374871500657465e-01
7.273218766603540830e-01,6.501286180196295117e-01,3.769977508124847110e-01
7.307802114981382102e-01,6.545207161351181968e-01,3.846100011035136768e-01
7.342370535486898442e-01,6.589238578299564386e-01,3.922736558451110356e-01
7.376928341536586053e-01,6.633380004844027233e-01,3.999881023681725600e-01
7.411479923380447365e-01,6.677631044249022763e-01,4.077526982024953783e-01
7.446029745776661102e-01,6.721991331328462937e-01,4.155667717703095398e-01
7.480582345593451699e-01,6.766460534493334844e-01,4.234296230841346764e-01
7.515142329343389438e-01,6.811038357755533346e-01,4.313405244494646906e-01
7.549714370655874474e-01,6.855724542684090705e-01,4.392987211725252195e-01
7.584303207693504634e-01,6.900518870310340391e-01,4.473034322731306855e-01
7.618913640518631958e-01,6.945421162978517859e-01,4.553538512024346008e-01
7.653550528416829257e-01,6.990431286138374389e-01,4.634491465651666142e-01
7.688218787183810354e-01,7.035549150076797487e-01,4.715884628457392425e-01
7.722923386383382383e-01,7.080774711585222647e-01,4.797709211374133198e-01
7.757669346583578873e-01,7.126107975560170837e-01,4.879956198735151962e-01
7.792461736579270326e-01,7.171548996534069520e-01,4.962616355595144690e-01
7.827305670608843968e-01,7.217097880134074606e-01,5.045680235045605366e-01
7.862206305574105381e-01,7.262754784466450841e-01,5.129138185509074521e-01
7.897168838271817481e-01,7.308519921424617705e-01,5.212980357994367875e-01
7.932198502646118365e-01,7.354393557918978974e-01,5.297196713292906534e-01
7.967300567071813333e-01,7.400376017026890629e-01,5.381777029094205744e-01
8.002480331678111236e-01,7.446467679061588019e-01,5.466710906996173902e-01
8.037743125723351145e-01,7.492668982558847723e-01,5.551987779383563693e-01
8.073094305031845996e-01,7.538980425180648037e-01,5.637596916145271031e-01
8.108539249504026492e-01,7.585402564535257408e-01,5.723527431198350834e-01
8.144083360712083275e-01,7.631936018913461073e-01,5.809768288783480061e-01
8.179732059593655125e-01,7.678581467941008043e-01,5.896308309493104582e-01
8.215490784257084567e-01,7.725339653147561547e-01,5.983136175989682837e-01
8.251364987912541693e-01,7.772211378452754671e-01,6.070240438366936164e-01
8.287360136944219580e-01,7.819197510570302656e-01,6.157609519102128504e-01
8.323481709140103657e-01,7.866298979331499686e-01,6.245231717541573913e-01
8.359735192097246248e-01,7.913516777929517909e-01,6.333095213855016725e-01
8.396126081821662090e-01,7.960851963086712502e-01,6.421188072386861956e-01
8.432659881544508629e-01,8.008305655146943369e-01,6.509498244323246308e-01
8.469342100777992322e-01,8.055879038095817846e-01,6.598013569583537352e-01
8.506178254637181135e-01,8.103573359511847540e-01,6.686721777832376201e-01
8.543173863457391715e-01,8.151389930452022092e-01,6.775610488493822858e-01
8.580334452740654427e-01,8.199330125275797743e-01,6.864667209631568623e-01
8.617665553469185946e-01,8.247395381411931625e-01,6.953879335538442064e-01
8.655172702829841969e-01,8.295587199073268803e-01,7.043234142852963231e-01
8.692861445400649201e-01,8.343907140924924359e-01,7.132718784990527139e-01
8.730737334858210685e-01,8.392356831712483034e-01,7.222320284639375254e-01
8.768805936276774515e-01,8.440937957857002072e-01,7.312025524026291023e-01
8.807072829101120215e-01,8.489652267025058485e-01,7.401821232600798162e-01
8.845543610892833142e-01,8.538501567683002280e-01,7.491693971717325873e-01
8.884223901969483528e-01,8.587487728645606389e-01,7.581630115808145609e-01
8.923119351081409967e-01,8.636612678631387929e-01,7.671615829430966649e-01
8.962235642303957306e-01,8.685878405838288741e-01,7.761637039437060404e-01
9.001578503363870665e-01,8.735286957556215315e-01,7.851679401329534347e-01
9.041153715672907154e-01,8.784840439835622794e-01,7.941728258654215944e-01
9.080967126411048085e-01,8.834541017235395532e-01,8.031768593969836889e-01
9.121024663093930673e-01,8.884390912678169494e-01,8.121784969555712053e-01
9.161332351181595834e-01,8.934392407447625528e-01,8.211761455498034490e-01
9.201896335450346909e-01,8.984547841371051113e-01,8.301681542100350919e-01
9.242722906074891664e-01,9.034859613241832399e-01,8.391528032614608001e-01
9.283818530679507353e-01,9.085330181552400131e-01,8.481282910975397327e-01
9.325189894055906370e-01,9.135962065629957829e-01,8.570927177371372441e-01
9.366843947874384790e-01,9.186757847298178126e-01,8.660440641840211340e-01
9.408787973634316071e-01,9.237720173232416565e-01,8.749801662204330643e-01
9.451029663473901055e-01,9.288851758241610801e-01,8.838986806883188940e-01
9.493577225566317557e-01,9.340155389808618702e-01,8.927970414257992982e-01
9.536439524153196290e-01,9.391633934374485904e-01,9.016724006290823823e-01
9.579626269686108975e-01,9.443290346098461852e-01,9.105215491322072863e-01
9.623148283730554864e-01,9.495127679236540219e-01,9.193408052388233331e-01
9.667017879565210636e-01,9.547149105997710938e-01,9.281258549035895644e-01
9.711249429864537985e-01,9.599357943055043529e-01,9.368715132743807850e-01
9.755860253711269303e-01,9.651757692477279660e-01,9.455713520637157865e-01
9.800872087256661258e-01,9.704352108364510121e-01,9.542170818053797854e-01
9.846313721282541342e-01,9.757145313554470567e-01,9.627974442813435063e-01
9.892226279691139768e-01,9.810142026614364630e-01,9.712959969155353646e-01
9.938675694138890959e-01,9.863348080853556743e-01,9.796858794748563026e-01
9.985792284726525692e-01,9.916772009290383272e-01,9.879132200067434200e-01
1.003410877078282581e+00,9.970437826621093569e-01,9.957555575207212017e-01
