0.0000198725080239126838,0.0000195868017889189583,0.0000195292895369690181
0.000328818428201857146,0.000352218365736829719,0.00028298544518616563
0.000926503696264418912,0.00102041854621612717,0.000758973480335055611
0.00177157880068174074,0.00199144404319820303,0.0013969822677140668
0.00284188728061907873,0.0032498851974347401,0.00216760247992086848
0.00412251924691116236,0.0047865084340413316,0.00304992212774236795
0.00560240495100655655,0.00659524104570373242,0.00402769812808281488
0.00727284649249821877,0.00867190874311183496,0.00508765382111216104
0.0091267517354070675,0.0110135916007982077,0.00621857000674931517
0.0111581853888577456,0.0136182535811861932,0.00741074232920560429
0.0133620842496478647,0.0164845111945813583,0.00865563166268470095
0.0157340658169071931,0.0196114800817655706,0.00994562591731772139
0.0182702938504648374,0.0229986684605003426,0.0112738706713136037
0.0209673805797431744,0.0266459003530403471,0.0126341445991775721
0.0238223135387607907,0.03055325858988657,0.0140207652959988046
0.0268323995404399877,0.0347210414274432971,0.0154285164404018866
0.0299952209348714124,0.0391497288233101301,0.0168525903677703044
0.0333086008934393163,0.0437049554582454522,0.018288542041835238
0.0367705754681112162,0.0482064461980214673,0.0197322516315972009
0.0403793708317366565,0.0526675133273265053,0.0211798937010813509
0.0439796909031791097,0.0570914172627893859,0.0226279115600223242
0.0475323862078102025,0.0614810468581737588,0.0240729956976188583
0.0510415782636059537,0.0658389765494468149,0.0255120654859022286
0.0545099788164854979,0.0701675125517616793,0.026942253529764499
0.0579400513643775969,0.0744687305843809433,0.0283608921803063033
0.0613340446835441491,0.0787445069609366832,0.0297655018320680115
0.0646940207373375431,0.0829965444272129649,0.0311537807031254596
0.0680218780855649241,0.0872263937991998861,0.0325235958569618233
0.0713193716572618486,0.0914354722124202657,0.0338729752713747556
0.0745881295595734184,0.0956250786138682918,0.0352001007958980747
0.0778296674522939436,0.0997964069927897435,0.0365033018678084034
0.0810454009086390981,0.103950557743841598,0.0377810498795637523
0.0842366560990363278,0.108088547477316888,0.0390319531088170191
0.0874046790697029508,0.112211317530018423,0.0402547521369673381
0.0905506438368798017,0.116319741382596736,0.0414245487778709329
0.0936756594774426077,0.120414631151528451,0.0425430885852825028
0.0967807763646729158,0.124496743294019246,0.0436147201342576216
0.0998669916724138906,0.128566783640215732,0.0446407674494132892
0.102935254250228508,0.132625411847866581,0.0456225140331109821
0.105986468955464153,0.136673245358983453,0.0465612085544636692
0.109021500514494579,0.140710862925350122,0.0474580700603615749
0.112041176974220752,0.144738807759315524,0.048314292778138819
0.115046292795685845,0.148757590357728065,0.0491310505693498614
0.118037611634010192,0.152767691039768033,0.0499095010856690571
0.121015868842482971,0.15676956223352545,0.0506507896708196306
0.123981773733314371,0.160763630541229496,0.0513560530464404266
0.126936011623076717,0.164750298608896034,0.0520264228146744764
0.129879245687091194,0.168729946822658322,0.0526630288058674359
0.132812118643791471,0.172702934851101053,0.053267002295930739
0.135735254287407764,0.176669603050395724,0.0538394791145645688
0.13864925888497831,0.180630273746902187,0.0543816026625299695
0.141554722451693621,0.18458525241007262,0.0548945268534468608
0.144452219916901575,0.188534828726919707,0.0553794189930923095
0.147342312191602653,0.192479277587963238,0.0558374626068347743
0.150225547147019661,0.196418859993397032,0.0562698602236026482
0.153102460512694383,0.200353823887218729,0.0566778361226185842
0.155973576701636224,0.204284404926175833,0.0570626390469792175
0.158839409569195816,0.208210827189623804,0.057425544886015277
0.161700463111609682,0.212133303835730536,0.0577678593261622478
0.164557232109529439,0.216052037708868105,0.0580909204678304939
0.167410202721283513,0.219967221902530263,0.0583961014034120665
0.170259853030129027,0.223879040281661612,0.0586848127491329044
0.173106653549315065,0.227787667967887908,0.0589585051209045238
0.175951067688394636,0.231693271790789801,0.0592186715416651091
0.178793552183884791,0.235596010708050585,0.0594668497649245773
0.181634557497062338,0.239496036197039686,0.0597046244963324382
0.184474528181437947,0.243393492620141427,0.0599336294921256826
0.187313903222176253,0.247288517565932564,0.0601555495102704466
0.190153116349554924,0.251181242168112717,0.0603721220870588535
0.192992596328335903,0.255071791403920056,0.0605851391089016686
0.195832767224761783,0.258960284373614624,0.0607964481461219577
0.198674048652749347,0.262846834562468323,0.0610079535128092362
0.201516856000688471,0.266731550086582225,0.0612216170143141045
0.204361600640157681,0.270614533923736245,0.0614394583418649762
0.207208690117741956,0.27449588413037751,0.0616635550722151107
0.210058528331030003,0.278375694045770894,0.0618960422292752291
0.212911515689815201,0.28225405248423513,0.0621391113645728202
0.215768049263387385,0.286131043916338423,0.0623950091141771482
0.218628522914773471,0.290006748639844436,0.0626660351916756009
0.221493327422698616,0.293881242941143039,0.0629545397799636253
0.224362850591983076,0.297754599247850415,0.0632629202892071585
0.227237477353031958,0.30162688627320583,0.0635936174544241839
0.230117589851026261,0.305498169152857935,0.0639491107538049108
0.233003567525375654,0.309368509574580008,0.0643319131381708265
0.235895787179965788,0.313237965901426718,0.0647445650728212529
0.238794623044662646,0.317106593288806693,0.0651896279053334471
0.241700446828550797,0.320974443795912556,0.0656696765864853982
0.244613627765292996,0.324841566491927303,0.0661872917860802101
0.247534532651017047,0.328708007557394266,0.0667450514607321743
0.250463525875102622,0.332573810381114943,0.0673455219461611965
0.253400969444166513,0.336439015652927165,0.0679912486617472167
0.256347222999618263,0.340303661452676709,0.0686847465294412596
0.259302643829022739,0.344167783335700916,0.0694284902220101141
0.262267586871600678,0.348031414415104046,0.0702249043664174011
0.265242404718090019,0.351894585441107577,0.0710763538363192171
0.26822744760522671,0.355757324877729486,0.0719851342726899879
0.271223063405086617,0.359619658977044732,0.0729534629730743955
0.274229597609482234,0.363481611851262432,0.0739834702875854788
0.277247393309646595,0.36734320554284039,0.07507719165348542
0.280276791171379713,0.3712044600928599,0.0762365603899558264
0.283318129405858043,0.375065393607856568,0.0774634013608441474
0.286371743736270501,0.378926022325314638,0.0787594255960662737
0.289437967360455239,0.382786360678005921,0.0801262259426367696
0.29251713090971887,0.386646421357354164,0.0815652737946076511
0.295609562403941872,0.390506215376009158,0.083077916928373241
0.298715587203175703,0.39436575212978664,0.08466537844666433
0.301835527955840344,0.398225039459143337,0.0863287568119296411
0.304969704543672282,0.402084083710340601,0.0880690269285162308
0.308118434023548104,0.405942889796448381,0.0898870422137439951
0.311282030566330692,0.409801461258336774,0.0917835375812700582
0.314460805392851428,0.413659800325788529,0.0937591332464033644
0.317655066707152822,0.41751790797888122,0.0958143392525827309
0.320865119627125439,0.421375784009757892,0.0979495606111445705
0.324091266112651766,0.425233427084920623,0.100165102942735229
0.327333804891364655,0.42909083480816973,0.102461178508099521
0.330593031382165781,0.43294800378430176,0.104837912518198489
0.333869237616595482,0.436804929683688115,0.107295349618313801
0.337162712158188049,0.4406616073078366,0.109833460447541415
0.340473740019907212,0.44451803065605161,0.112452148183443179
0.343802602579816874,0.448374192993282239,0.115151254991116475
0.347149577495060868,0.452230086919268526,0.117930568306173933
0.350514938614302496,0.456085704439071315,0.120789826891667368
0.353898955888729827,0.459941037035076661,0.123728726619501628
0.35730189528176215,0.463796075740557312,0.126746925937106597
0.360724018677546832,0.467650811214879225,0.129844050989772891
0.364165583788425729,0.471505233820411929,0.133019700378016775
0.367626844061450575,0.475359333701230236,0.136273449537401337
0.371108048584099348,0.479213100863661701,0.139604854735434741
0.37460944198933166,0.483066525258739221,0.143013456686388124
0.378131264360100028,0.486919596866622395,0.146498783790147691
0.381673751133482508,0.490772305783019835,0.150060355005602553
0.385237133004546428,0.494624642307673168,0.153697682372574862
0.388821635830120194,0.498476597034924695,0.15741027319903364
0.392427480532599349,0.502328160946407198,0.161197631932347846
0.396054883003952696,0.506179325505875077,0.165059261734724433
0.399704054010071641,0.510030082756197545,0.168994665783819609
0.403375199095634018,0.513880425418519526,0.173003348319894418
0.407068518489647035,0.517730346993596324,0.177084815460871264
0.410784207011804958,0.521579841865298044,0.181238575806330793
0.414522453979886851,0.525428905406264968,0.185464140850907733
0.418283443118303344,0.529277534085705326,0.18976102522677174
0.422067352468018853,0.533125725579297272,0.194128746793972157
0.425874354298004243,0.536973478881163646,0.198566826596402013
0.429704615018402625,0.540820794417875894,0.203074788700058018
0.433558295095597457,0.544667674164432625,0.207652159929160529
0.437435548969371257,0.548514121762153639,0.212298469514580923
0.441336524972333555,0.55236014263841704,0.217013248667895509
0.445261365251828411,0.55620574412816226,0.221796030093318608
0.449210205694477616,0.560050935597075528,0.226646347448704488
0.453183175853604292,0.563895728566354171,0.231563734765819651
0.457180398879677263,0.567740136838950416,0.236547725839130585
0.461201991454005034,0.571584176627181972,0.241597853591463962
0.465248063725866301,0.57542786668157897,0.24671364942406554
0.469318719253250694,0.579271228420852324,0.251894642557804471
0.47341405494743255,0.583114286062821563,0.25714035937155616
0.477534161021544834,0.586957066756177537,0.262450322743136788
0.481679120943343364,0.590799600712905271,0.267824051397552332
0.485849011392354313,0.594641921341216517,0.273261059266777906
0.490043902221583505,0.598484065378810159,0.278760854864763152
0.494263856423953707,0.602326073026289266,0.284322940680915903
0.498508930103661763,0.606167988080541842,0.289946812594878589
0.502779172452599732,0.610009858067897759,0.295631959315044324
0.507074625732028772,0.613851734376859914,0.301377861842910599
0.511395325259615285,0.617693672390206672,0.307183992965050334
0.515741299402040387,0.621535731616247089,0.313049816774209344
0.520112569573250472,0.625377975819031984,0.318974788220768912
0.524509150238530397,0.629220473147277803,0.324958352695592034
0.528931048924501934,0.633063296261800246,0.330999945645056304
0.53337826623514617,0.63690652246121926,0.337098992218883897
0.537850795873967336,0.640750233805713942,0.343254906951214134
0.542348624672383095,0.64459451723859329,0.349467093475198109
0.546871732624400253,0.648439464705454327,0.355734944271257458
0.551420092927656924,0.652285173270697682,0.362057840449013124
0.555993672030883568,0.656131745231165353,0.368435151562779062
0.560592429687792659,0.659979288226683947,0.374866235460393604
0.565216319017454616,0.663827915347271369,0.381350438165069583
0.569865286571124785,0.667677745236804898,0.38788709378984404
0.574539272405559354,0.671528902192911836,0.394475524484123596
0.579238210162757228,0.675381516262887116,0.401115040411740176
0.58396202715608192,0.67923572333542892,0.407804939759851548
0.58871064446276633,0.683091665227980704,0.414544508777953291
0.593483977022612685,0.686949489769515531,0.421333021846197198
0.598281933742923488,0.690809350878553885,0.428169741572146434
0.603104417609431564,0.694671408636269527,0.43505391891503814
0.607951325803179565,0.698535829354510862,0.441984793336556769
0.612822549823156204,0.702402785638599703,0.448961592977074664
0.617717975614530901,0.706272456444773544,0.455983534856245043
0.622637483702294992,0.710145027132160655,0.463049825096792766
0.627580949330092896,0.714020689509183182,0.470159659170283184
0.632548242604017763,0.717899641874311323,0.477312222163591537
0.63753922864111956,0.721782089051103637,0.484506689064762186
0.64255376772233197,0.725668242417494835,0.49174222506686166
0.647591715449557515,0.729558319929301757,0.499017985888402349
0.652652922906540422,0.733452546137962846,0.506333118108841074
0.657737236823227711,0.737351152202525006,0.513686759517603231
0.662844499743237448,0.741254375895934903,0.52107803947502862
0.667974550194019634,0.745162461605718085,0.528506079283561414
0.673127222859325136,0.7490756603291433,0.535969992567452258
0.678302348753518913,0.752994229663021874,0.543468885659163847
0.683499755397245279,0.756918433788310918,0.551001857990593313
0.688719266993992663,0.760848543449716086,0.558568002487153104
0.693960704606949363,0.764784835930558571,0.566166405962655106
0.699223886335656797,0.768727595023158905,0.573796149512845077
0.704508627491768458,0.772677110995097616,0.5814563089053294
0.709814740773344943,0.776633680551691796,0.589145954963520513
0.715142036436927531,0.780597606795126686,0.596864153942076148
0.720490322466683986,0.784569199180705668,0.604609967891175493
0.725859404739814029,0.788548773470758801,0.612382455006785009
0.731249087187358926,0.792536651686790994,0.620180669963880993
0.736659171949479164,0.79653316206055369,0.628003664229359715
0.742089459524202355,0.800538638984765516,0.635850486351115851
0.747539748908544799,0.804553422964320197,0.643720182219458037
0.753009837730783782,0.808577860568916784,0.651611795296685337
0.758499522372600765,0.812612304388130258,0.659524366810243623
0.764008598079598533,0.816657112990103795,0.667456935904394366
0.769536859058600475,0.820712650885163542,0.675408539744780323
0.77508409855990601,0.824779288495819052,0.68337821356959827
0.780650108942492094,0.828857402134824395,0.691364990680318425
0.786234681719838346,0.832947373993175311,0.699367902363964178
0.791837607583793956,0.837049592140193477,0.707385977737842842
0.797458676403503541,0.841164450538154918,0.715418243506320106
0.803097677195932391,0.845292349074280858,0.723463723617621346
0.808754398064064128,0.849433693613361185,0.731521438806723046
0.814428626098109065,0.853588896074791936,0.739590406008076129
0.820120147234309371,0.85775837453846826,0.747669637619054694
0.825828746064928953,0.861942553384745569,0.755758140591534011
0.831554205591823248,0.866141863474625295,0.763854915324703288
0.837296306914468436,0.870356742377542458,0.771958954326895985
0.843054828841458215,0.874587634655573432,0.780069240607535352
0.848829547412142116,0.878834992214757249,0.788184745751935312
0.854620235312119614,0.883099274736531714,0.796304427621053357
0.8604266611623691,0.887380950205333918,0.804427227604726402
0.8662485886570922,0.891680495552184871,0.812552067339415984
0.872085775518774198,0.895998397439124461,0.820677844778701204
0.877937972230657504,0.900335153215918282,0.828803429474815334
0.883804920495616653,0.904691272089167886,0.836927656889648319
0.8896863513554506,0.909067276555675652,0.845049321500032868
0.895581982883980499,0.913463704167943202,0.853167168388914709
0.901491517339093051,0.917881109721739419,0.861279882912686645
0.907414637618802256,0.922320067986812764,0.869386077892385201
0.913351002809291379,0.926781177146292934,0.877484277572159632
0.919300242529249911,0.931265063175330199,0.885572897289910177
0.925261949649956339,0.935772385486524083,0.893650217358821331
0.931235670779220981,0.940303844318295279,0.901714348974690494
0.937220893595429927,0.944860190576532588,0.909763188885267526
0.943217029626135184,0.949442239221251483,0.917794357799238236
0.949223390232507902,0.954050887935614544,0.925805114533320816
0.955239152084922272,0.958687143957751231,0.933792232616169282
0.961263305654745381,0.963352164092071583,0.941751816191492286
0.967294574733832513,0.968047317180993461,0.949679012330522654
0.973331283033816219,0.972774287561483653,0.957567534049896474
0.979371115049325947,0.977535260327614508,0.965408804957507249
0.985410637779887355,0.982333291422134214,0.97319024778282992
0.991444171277524711,0.987173180479611889,0.980891240724604985
0.997460208194751563,0.992064233879163759,0.988470291473006912
1,0.997043782662109357,0.995755557520721202