0.0000198725080239126838,0.0000195868017889189583,0.0000195292895369690181
0.000305649875569825316,0.000358485944077860017,0.000310311145967031557
0.000836429460664995269,0.0010451783236884774,0.000861113618906204979
0.00156245398182544831,0.00204959959877838716,0.00162714522774677411
0.00245449587982202134,0.00335864966179779539,0.00258322607705352945
0.00349137339368425304,0.00496518686911525103,0.00371175151988333745
0.00465625175351443849,0.00686509429171211754,0.00499918363061238342
0.00593501736178061318,0.00905606110707646468,0.00643452153393509006
0.00731541726496762711,0.0115369647866308163,0.00800849647266555116
0.00878654926182527614,0.014307517504597099,0.00971309692492126724
0.0103385356852450632,0.0173680462126867413,0.011541265730638503
0.0119623027582281775,0.0207193472040981194,0.0134866956402019331
0.0136494249509273771,0.0243625852644498153,0.015543685207267276
0.0153920115452380116,0.0282992210253346574,0.0177070337087640445
0.017182621797456922,0.0325309569592760334,0.019971962404290923
0.0190142001657615661,0.0370596961470649119,0.0223340542024438038
0.0208800260325242258,0.0418489625191322337,0.0247892065699841547
0.0227736741610941075,0.0466243553094973992,0.027333594206113955
0.024688983274503095,0.0513615748905431116,0.0299636390712905848
0.0266200308955482114,0.056064199680339287,0.0326759860576738975
0.028561113094357115,0.0607353709344437345,0.0354674830574063099
0.0305067281393167911,0.0653778630577463993,0.0383351645081992307
0.0324515632939724463,0.0699941397769782148,0.0412575468509694468
0.0343904841798870278,0.0745863995210807873,0.0441240944500441504
0.0363185262551778271,0.079156612455075992,0.0469402969905591064
0.0382308880547652038,0.0837065509814102493,0.0497085625071648149
0.0401229259109180253,0.0882378150727037291,0.0524311124493512179
0.0419477734899548829,0.0927518534742843015,0.0551100059448714832
0.043693946050641079,0.0972499815760913267,0.0577471603330525843
0.0453673525075098463,0.101733396576133811,0.0603443686548725197
0.0469690793706323481,0.106203190424344618,0.0629033146408335686
0.0485001049855808344,0.110660360934352831,0.0654255856265549829
0.0499613115221076778,0.115105821372932265,0.0679126837405184536
0.0513534955066391949,0.11954040877664715,0.0703660356420106881
0.0526773771364505775,0.123964891198140581,0.0727870010353055818
0.0539336085715384148,0.128379974047432066,0.0751768801450668767
0.055122781367040373,0.132786305664151033,0.0775369203052792832
0.0562454331826231432,0.137184482233106947,0.0798683217878438378
0.0573020538841365543,0.141575052136653251,0.0821722429758561523
0.0582930911358524526,0.145958519821969251,0.0844498049694502595
0.0592189555679880839,0.150335349248886918,0.0867020956980986968
0.0600800255932643287,0.154705966973651243,0.0889301736017733269
0.060876651937480257,0.159070764915572843,0.0911350709338859255
0.0616091619421359274,0.163430102846548603,0.093317796731068603
0.0622778636916464998,0.167784310637625195,0.0954793394882947066
0.0628830500135344195,0.172133690291921299,0.0976206695723550177
0.0634250023968410959,0.176478517789162709,0.0997427414020939929
0.0639039948719024586,0.180819044763645742,0.101846495419912753
0.0643202978933283265,0.185155500034547282,0.10393285987575035
0.0646741822675327149,0.189488091005034803,0.10600275244194951
0.0649659231664281023,0.193817004944526555,0.108057081675019345
0.0651958042698514706,0.198142410166659067,0.110096748338260553
0.0653641220809277612,0.2024644571139812,0.112122646597465569
0.0654711904610284778,0.206783279359056382,0.114135665100388778
0.0655173454339808281,0.211098994530525164,0.116136687949384698
0.0655029503131134283,0.215411705171677292,0.11812659557548133
0.0654284012093681866,0.219721499538225285,0.120106265521184752
0.0652941329841634777,0.224028452341223705,0.122076573138465011
0.0651006257171565517,0.228332625440423209,0.124038392207639903
0.064848411766377595,0.232634068492774293,0.125992595482238401
0.0645380835065994807,0.236932819560296326,0.127940055164372624
0.0641703018412924098,0.241228905681083461,0.129881643314667061
0.063745805594067978,0.245522343406831489,0.131818232200382163
0.0632654218972247551,0.249813139309926546,0.133750694585002078
0.0627300777078599048,0.254101290462829255,0.135679903962257375
0.062140812595795146,0.258386784892223498,0.13760673473727375
0.0614987929623249316,0.262669602010151826,0.139532062357320352
0.060805327863914814,0.266949713024155322,0.141456763394429835
0.0600618866303663304,0.271227081328235753,0.143381715582000718
0.0592701184814383511,0.275501662876296349,0.145307797807353339
0.0584318743588216685,0.279773406539556735,0.147235890062100611
0.0575492311997731557,0.284042254449308196,0.149166873352097967
0.0566245188827976878,0.288308142326249905,0.151101629568667128
0.0556603500714051638,0.29257099979753165,0.153041041322729915
0.0546596531651729403,0.296830750702538615,0.154985991743448126
0.0536257085331179675,0.301087313388355038,0.156937364242935473
0.0525621881457377579,0.305340600995764211,0.158896042248592467
0.0514731986304791181,0.309590521736575475,0.16086290890460378
0.0503633276404648958,0.313836979162986196,0.162838846744148585
0.0492376932347393728,0.318079872429649524,0.164824737333867238
0.0481019957062488387,0.32231909654903601,0.166821460892159962
0.0469625709443012088,0.326554542640649814,0.168829895882896541
0.0458264439665759873,0.330786098174600973,0.170850918586148287
0.0447013806880411438,0.335013647209998322,0.172885402647574654
0.0435959353049403323,0.339237070628586324,0.174934218608121583
0.0425194898679376668,0.343456246364016227,0.176998233415716244
0.0414822817280664433,0.347671049627107431,0.179078309920672196
0.0404954136224713671,0.351881353127427632,0.18117530635653159
0.0395616144213208759,0.356087027291486113,0.18329007580810594
0.0387140690535769869,0.360287940477821589,0.185423465668486054
0.0379639436287565468,0.364483959189226492,0.18757631708680858
0.0373218984818163707,0.368674948282341652,0.189749464408577179
0.0367989083611404491,0.372860771174827188,0.191943734610337896
0.0364062613175022698,0.377041290050296907,0.194159946730511485
0.0361555573349118253,0.381216366061194134,0.196398911298171053
0.0360587067004760412,0.385385859529753016,0.198661429761547492
0.0361279281103460068,0.3895496301471989,0.200948293918018939
0.0363757465093279553,0.393707537171300359,0.203260285347312886
0.0368149906619927719,0.397859439622392452,0.205598174849620397
0.0374587904533906363,0.402005196477969007,0.207962721890271929
0.0383205739178405502,0.406144666865929482,0.210354674052585844
0.0394140639947007307,0.410277710256556349,0.212774766500437418
0.0407475037623685546,0.414404186653293316,0.215223721452037109
0.042295492673096631,0.418523956782368922,0.217702247666343607
0.0440665124600806632,0.422636882281324233,0.220211039943455644
0.0460575112583232124,0.426742825886468502,0.222750778640258162
0.0482638014359255615,0.430841651619300881,0.225322129202504939
0.0506793405096675684,0.434933224971908505,0.227925741714439967
0.0532970249854274256,0.439017413091359221,0.230562250466966656
0.0561089781273672525,0.443094084963088108,0.233232273545279034
0.0591068169247101413,0.447163111593275542,0.235936412436775655
0.0622818883203371879,0.451224366190205617,0.238675251659977106
0.0656254693289042845,0.455277724344590851,0.241449358415072757
0.0691289295102791856,0.459323064208830012,0.244259282256622523
0.0727838571473926887,0.463360266675178212,0.247105554788840998
0.0765821523913425284,0.467389215552788617,0.249988689383797702
0.080516091699038117,0.471409797743583547,0.25290918092277187
0.0845783682838331941,0.475421903416903546,0.255867505560906816
0.0887621132229078902,0.479425426182886361,0.258864120515223728
0.0930609014912562316,0.483420263264518202,0.261899463875964189
0.097468746659954697,0.487406315668278134,0.264973954441158066
0.10198008740659284,0.491383488353331621,0.268087991574229301
0.106589768405647378,0.495351690399173872,0.271241955084383368
0.111293017634354646,0.499310835171662026,0.274436205129456268
0.11608542166580213,0.503260840487346872,0.277671082140840408
0.120962900130781342,0.507201628776012603,0.280946906770048244
0.125921680211171838,0.511133127241343521,0.284263979856428595
0.130958271774087753,0.515055268019612988,0.287622582415497541
0.136069443558078235,0.518967988336300423,0.291022975647319881
0.141252200671532796,0.522871230660531206,0.294465400964335211
0.146503763550541122,0.526764942857237295,0.297950080037998222
0.151821548440552095,0.530649078336923874,0.301477214863582199
0.157203149407102061,0.534523596202934881,0.305046987842481077
0.162646321839951369,0.538388461396098417,0.30865956188132776
0.168148967387771825,0.542243644836637784,0.312315080507242437
0.173709120243627141,0.546089123563226919,0.316013667998530146
0.17932493469213015,0.549924880869064325,0.319755429530132029
0.184994673825038758,0.553750906434852475,0.323540451333162449
0.190716699331990397,0.557567196458539804,0.327368800867849974
0.19648946227530345,0.561373753781718277,0.331240527009232622
0.202311494761940713,0.56517058801252984,0.335155660244962128
0.208181402430709039,0.568957715644966777,0.339114212884589206
0.214097857678457126,0.572735160174427382,0.34311617927972965
0.22005959355485688,0.576502952209401509,0.347161536054518882
0.226065398261174722,0.58026112957915621,0.35125024234579777
0.232114110194087342,0.584009737437287679,0.355382240052491638
0.238204613480986205,0.587748828361014386,0.35955745409366191
0.244335833958198856,0.591478462446085707,0.363775792674743637
0.2505067355483519,0.595198707397168847,0.368037147561503353
0.256716316997240512,0.598909638613605466,0.372341394361274613
0.262963608934657089,0.602611339270397228,0.3766883928110491
0.269247671227101415,0.606303900394311479,0.381077987072039437
0.275567590593597866,0.609987420934985813,0.3855100060303287
0.28192247845871865,0.613662007830918066,0.389984263603269155
0.288311469019619238,0.617327776070220935,0.394500559051287836
0.294733717506168669,0.620984848746050977,0.39905867729479988
0.301188398615442554,0.624633357106592624,0.403658389235927784
0.307674705103773427,0.628273440599504407,0.408299452084756043
0.314191846521135798,0.631905246910739127,0.412981609689855755
0.320739048074342781,0.635528931997637714,0.417704592872832514
0.327315549606724987,0.63914466011622828,0.422468119766661765
0.333920604683309086,0.642752603842642434,0.427271896157583486
0.340553479771544487,0.646352944088586567,0.432115615830340582
0.347213453508583736,0.649945870110802737,0.436998960916547108
0.353899816047043791,0.653531579514466165,0.441921602245982537
0.360611868471931163,0.657110278250472302,0.446883199700612355
0.367348922282100809,0.66068218060657169,0.451883402571131521
0.374110298930252161,0.66424750919232578,0.456921849915835676
0.380895329416025441,0.66780649491786348,0.461998170921620155
0.387703353927253913,0.671359376966427113,0.467111985266907725
0.3945337215249064,0.674906402760701796,0.472262903486298902
0.401385789867599541,0.678447827922941671,0.477450527336741815
0.408258924971963588,0.6819839162289143,0.482674450165004154
0.415152501005466468,0.685514939555687763,0.487934257276233241
0.422065900108566316,0.689041177823309647,0.493229526303375965
0.428998512243349894,0.692562918930425764,0.498559827577224113
0.435949735066052391,0.696080458683906444,0.503924724496845777
0.442918973821001094,0.699594100722562784,0.509323773900148491
0.44990564125381266,0.703104156435041538,0.51475652643431391
0.456909157541798894,0.70661094487199938,0.520222526925828821
0.463928950239621718,0.710114792652686178,0.525721314749835189
0.470964454238539776,0.713616033866054544,0.531252424198493944
0.478015111737507159,0.717115009966558969,0.536815384848065791
0.485080372224685752,0.720612069664794519,0.54240972192438075
0.492159692467912635,0.724107568813150748,0.548034956666367923
0.499252536512777068,0.727601870286688435,0.553690606687296416
0.506358375687082307,0.731095343859426761,0.559376186333368053
0.513476688610493892,0.734588366076280641,0.565091207039288168
0.520606961208242014,0.738081320120886675,0.570835177680422467
0.527748686727846916,0.741574595679567294,0.576607604921135608
0.534901365757806446,0.745068588801727105,0.582407993558893611
0.542064506247293854,0.748563701756966626,0.588235846863685241
0.549237623525940522,0.752060342889220634,0.594090666912313492
0.556420240322725967,0.755558926468283154,0.599971954917080996
0.563611886783164096,0.759059872539042724,0.605879211548369101
0.570812100483850671,0.762563606768834612,0.611811937250605675
0.578020426443521029,0.766070560293296565,0.617769632551069869
0.585236417129765152,0.769581169561159961,0.623751798360980603
0.592459632460525243,0.773095876178431674,0.629757936268268259
0.59968963979949963,0.77661512675244726,0.635787548821412862
0.606926013944550591,0.780139372736308623,0.64184013980368404
0.614168337108210172,0.783669070274254698,0.647915214497098768
0.621416198889334082,0.787204680048538274,0.654012279935349161
0.628669196234871275,0.79074666712844699,0.660130845144917933
0.635926933390737026,0.794295500822121081,0.666270421373546084
0.643189021840662289,0.79785165453188045,0.672430522305139444
0.650455080231769123,0.801415605613847948,0.678610664260145158
0.657724734285687118,0.804987835242666816,0.68481036638034587
0.66499761669365387,0.80856882828224641,0.691029150796910851
0.672273366994186494,0.812159073163479572,0.697266542780447973
0.679551631431556391,0.815759061770011118,0.703522070871674954
0.686832062793146236,0.819369289333232165,0.709795266991164131
0.694114320223680137,0.822990254337751637,0.716085666526462772
0.701398069013823733,0.826622458438803331,0.722392808394682229
0.708682980360594183,0.830266406393123546,0.728716235078408214
0.715968731096467304,0.833922606005091827,0.735055492632517127
0.723255003383732054,0.837591568090081395,0.741410130659153066
0.730541484370145877,0.841273806457261242,0.747779702247727052
0.737827865801271465,0.844969837914369526,0.754163763876349646
0.745113843584255253,0.848680182297330776,0.760561875270557297
0.752399117296825515,0.852405362528044219,0.766973599214528012
0.759683389634379869,0.856145904704130545,0.773398501309207509
0.766966365786712068,0.859902338225074114,0.779836149670801726
0.774247752734376626,0.863675195959937914,0.786286114561938976
0.781527258452977547,0.867465014462702522,0.792747967946408561
0.788804591011234013,0.871272334242431557,0.799221282956629087
0.796079457546020386,0.875097700096787667,0.805705633260899612
0.803351563094058419,0.878941661519138773,0.812200592314823777
0.810620609255606972,0.882804773191599779,0.818705732478009485
0.817886292660083725,0.886687595579005117,0.825220623972992007
0.825148303196658217,0.890590695642160091,0.8317448336580755
0.832406321964028417,0.894514647693027687,0.838277923579058615
0.839660018882246728,0.898460034420031639,0.844819449256166033
0.846909049894682076,0.902427448118836128,0.851368957651212899
0.854153053668710194,0.906417492173469896,0.857925984745222303
0.861391647677903993,0.910430782845182751,0.864490052636985196
0.86862442351354896,0.914467951443406535,0.871060666046506782
0.875850941225777446,0.918529646976260827,0.877637308071064881
0.883070722428624832,0.922616539410022196,0.884219434991432407
0.89028324181048224,0.926729323711946717,0.890806469855227823
0.897487916558338927,0.930868724915257739,0.897397794463208998
0.904684093009452184,0.935035504539239115,0.903992739236467502
0.911871029553125934,0.939230468837968346,0.910590570221501361
0.919047874358563055,0.943454479566762316,0.917190472151325209
0.926213635800015811,0.947708468295215378,0.923791525946299652
0.933367142300327357,0.951993455849630465,0.930392678166749976
0.940506986364284092,0.956310579405765249,0.936992698452664308
0.947631444115118904,0.960661131414992098,0.943590118367951147
0.954738355173872288,0.965046617655447414,0.950183140169030049
0.961824934777140483,0.969468847908711573,0.956769494230020778
0.968887461920562854,0.97393008623103261,0.963346202616181313
0.975920719393479685,0.978433320298950693,0.969909155001392631
0.98291687174278819,0.982982800069920892,0.976452259853543558
0.989862810132301818,0.987585309798628575,0.982965438209584819
0.996731716149083957,0.992254200461611391,0.989428257466335448
1,0.997043782662109357,0.995755557520721202