1.987250802391268381e-05,1.958680178891895828e-05,1.952928953696901807e-05
2.973631001898018543e-04,3.587289315187504801e-04,3.394322360209528619e-04
8.036092362124423434e-04,1.046530158968007537e-03,9.726981312656057289e-04
1.485154206275733938e-03,2.053463649078775700e-03,1.883413591719689537e-03
2.309549191616238652e-03,3.366952208074655908e-03,3.053608202534204008e-03
3.252662750782836856e-03,4.980375898317022758e-03,4.471872956174201448e-03
4.294873873561626081e-03,6.890143542008043964e-03,6.130211340399737904e-03
5.419388230657269136e-03,9.094476789131760580e-03,8.022703644888815044e-03
6.611343053809726200e-03,1.159279383166867197e-02,1.014481854624032370e-02
7.857275031953124544e-03,1.438535672399468730e-02,1.249301371546210869e-02
9.144779114287640565e-03,1.747305199685988963e-02,1.506448458566129328e-02
1.046227743184338296e-02,2.085724551383557127e-02,1.785699668178633917e-02
1.179885624190190122e-02,2.453968173853263504e-02,2.086876852701650270e-02
1.314414718414552881e-02,2.852241107078173216e-02,2.409838687798676951e-02
1.448823865793905964e-02,3.280773571742774675e-02,2.754474354474440237e-02
1.582160840430385518e-02,3.739816824638204917e-02,3.120698714480555844e-02
1.713507146127333722e-02,4.224176364476598527e-02,3.508448550163515561e-02
1.841973954890680637e-02,4.706311683443068633e-02,3.917679582365117541e-02
1.966698913958241438e-02,5.184874605538971476e-02,4.336989398048187588e-02
2.086843625617703507e-02,5.660222425745480707e-02,4.750900610950165720e-02
2.201591657173235586e-02,6.132668663983819463e-02,5.160722556939151967e-02
2.310146975125842300e-02,6.602490079361561515e-02,5.566760270178326003e-02
2.411732723552974245e-02,7.069932272585541244e-02,5.969286435960676623e-02
2.505590285327404659e-02,7.535214210863916406e-02,6.368546128363855585e-02
2.590978578467100640e-02,7.998531919559845327e-02,6.764760681823189792e-02
2.667173550052137632e-02,8.460061521762299308e-02,7.158130883967361857e-02
2.733467837783723833e-02,8.919961761987896254e-02,7.548839630746490004e-02
2.789170575084730375e-02,9.378376117711093030e-02,7.937054151341388364e-02
2.833607320131611290e-02,9.835434578571095043e-02,8.322927885714206941e-02
2.866120092700806532e-02,1.029125515538717728e-01,8.706602079344999412e-02
2.886067505461481150e-02,1.074594516779710796e-01,9.088207145917479024e-02
2.892824978518973231e-02,1.119960234921638653e-01,9.467863838236093010e-02
2.885785027749509721e-02,1.165231580005061940e-01,9.845684259603698640e-02
2.864357618859706897e-02,1.210416681407854023e-01,1.022177274164626504e-01
2.827970580229667227e-02,1.255522959822309437e-01,1.059622660968721208e-01
2.776070068512094535e-02,1.300557190222589310e-01,1.096913685292399132e-01
2.708121081705311753e-02,1.345525557180112242e-01,1.134058871360080489e-01
2.623608015027042648e-02,1.390433703649613661e-01,1.171066220692360271e-01
2.522035255417082525e-02,1.435286774159534873e-01,1.207943258149266619e-01
2.402927810908174824e-02,1.480089453187263260e-01,1.244697072842996799e-01
2.265831971445923451e-02,1.524845999375022965e-01,1.281334354607627790e-01
2.110315998017938191e-02,1.569560276140003208e-01,1.317861426606442565e-01
1.935970837182470969e-02,1.614235779148169292e-01,1.354284274569519941e-01
1.742410858282152086e-02,1.658875661051458783e-01,1.390608573081273669e-01
1.529274610782222453e-02,1.703482753830142249e-01,1.426839709276950530e-01
1.296225599303846114e-02,1.748059589033679750e-01,1.462982804256320324e-01
1.042953074032093932e-02,1.792608416172722652e-01,1.499042732480189155e-01
7.691728342604137007e-03,1.837131219480709343e-01,1.535024139379406460e-01
4.746280429111569485e-03,1.881629733234415625e-01,1.570931457375652207e-01
1.590900499226574052e-03,1.926105455798306776e-01,1.606768920487393892e-01
-1.776407775532822886e-03,1.970559662536436329e-01,1.642540577672405300e-01
-5.357342201675793433e-03,2.014993417717747537e-01,1.678250305039357126e-01
-9.153293685948376071e-03,2.059407585525206974e-01,1.713901817044820031e-01
-1.316533784927521877e-02,2.103802840265877050e-01,1.749498676778038497e-01
-1.739422665191542663e-02,2.148179675867608052e-01,1.785044305423869326e-01
-2.184038004919345091e-02,2.192538414738082198e-01,1.820541990983746694e-01
-2.650387769700035881e-02,2.236879216053268560e-01,1.855994896325581234e-01
-3.138445072619178156e-02,2.281202083534840663e-01,1.891406066625514748e-01
-3.648147360492675489e-02,2.325506872769548261e-01,1.926778436257644000e-01
-4.179395610786462711e-02,2.369793298117695013e-01,1.962114835181729133e-01
-4.732053541111275879e-02,2.414060939252867244e-01,1.997417994873654790e-01
-5.305946833171010235e-02,2.458309247370566442e-01,2.032690553838717995e-01
-5.900862373030853203e-02,2.502537551099411339e-01,2.067935062743763708e-01
-6.516547509569488306e-02,2.546745062145170380e-01,2.103153989200515217e-01
-7.152709332956991295e-02,2.590930880694665706e-01,2.138349722229256900e-01
-7.809013974995389351e-02,2.635094000603931952e-01,2.173524576429204935e-01
-8.485085933136654601e-02,2.679233314392468479e-01,2.208680795879326419e-01
-9.180507419977525230e-02,2.723347618063267639e-01,2.243820557791146308e-01
-9.894817740007444407e-02,2.767435615766309365e-01,2.278945975933084900e-01
-1.062751269536341275e-01,2.811495924321436579e-01,2.314059103844032239e-01
-1.137804402231601397e-01,2.855527077614930520e-01,2.349161937852290438e-01
-1.214581886018188256e-01,2.899527530882665127e-01,2.384256419914575487e-01
-1.293019925432259964e-01,2.943495664891411234e-01,2.419344440288471731e-01
-1.373050169485682259e-01,2.987429790028712784e-01,2.454427840050536491e-01
-1.454599669265937423e-01,3.031328150310583225e-01,2.489508413471283044e-01
-1.537590839419473443e-01,3.075188927315475884e-01,2.524587910257241608e-01
-1.621941423666396764e-01,3.119010244051877989e-01,2.559668037669471374e-01
-1.707564464490836931e-01,3.162790168766255183e-01,2.594750462527178336e-01
-1.794368277144320623e-01,3.206526718697182976e-01,2.629836813104297621e-01
-1.882256428094719880e-01,3.250217863780948679e-01,2.664928680926345050e-01
-1.971127718045645183e-01,3.293861530313153541e-01,2.700027622474215350e-01
-2.060876169646119749e-01,3.337455604570390699e-01,2.735135160801124288e-01
-2.151391020001115206e-01,3.380997936395460091e-01,2.770252787068360756e-01
-2.242556718088093426e-01,3.424486342749122891e-01,2.805381962005140672e-01
-2.334252927175257397e-01,3.467918611230960679e-01,2.840524117297399398e-01
-2.426354532330518288e-01,3.511292503571479262e-01,2.875680656910028499e-01
-2.518731653100120815e-01,3.554605759097186901e-01,2.910852958346753505e-01
-2.611249661428304836e-01,3.597856098170066907e-01,2.946042373851471274e-01
-2.703769204879805099e-01,3.641041225602493214e-01,2.981250231554660735e-01
-2.796146235217726317e-01,3.684158834048380515e-01,3.016477836568193793e-01
-2.888232042379100806e-01,3.727206607371002511e-01,3.051726472031631721e-01
-2.979873293881987184e-01,3.770182223987750825e-01,3.086997400112896917e-01
-3.070912079685965135e-01,3.813083360191758531e-01,3.122291862965973497e-01
-3.161185962519441062e-01,3.855907693450196794e-01,3.157611083648174111e-01
-3.250528033675265105e-01,3.898652905678733904e-01,3.192956266999255610e-01
-3.338766974266897392e-01,3.941316686491567189e-01,3.228328600484556277e-01
-3.425727121924889151e-01,3.983896736426179030e-01,3.263729255004232388e-01
-3.511228542905130978e-01,4.026390770141834996e-01,3.299159385670404343e-01
-3.595087109566583172e-01,4.068796519590724414e-01,3.334620132554034222e-01
-3.677114583167805928e-01,4.111111737160463298e-01,3.370112621403165698e-01
-3.757118701919689441e-01,4.153334198786580722e-01,3.405637964334077283e-01
-3.834903274219707559e-01,4.195461707033505405e-01,3.441197260496783317e-01
-3.910268276984981695e-01,4.237492094142439325e-01,3.476791596716249932e-01
-3.983009958988550370e-01,4.279423225044499679e-01,3.512422048110571682e-01
-4.052920949092294611e-01,4.321253000337264560e-01,3.548089678687327275e-01
-4.119790369262366636e-01,4.362979359223023157e-01,3.583795541919185257e-01
-4.183403952239402868e-01,4.404600282406780920e-01,3.619540681299849294e-01
-4.243544163726948870e-01,4.446113794952059051e-01,3.655326130881274005e-01
-4.299990328953330887e-01,4.487517969092602033e-01,3.691152915793099454e-01
-4.352518763449673700e-01,4.528810926997932085e-01,3.727022052745165293e-01
-4.400902907879883363e-01,4.569990843490728261e-01,3.762934550513863385e-01
-4.444913466748355302e-01,4.611055948714014030e-01,3.798891410413172687e-01
-4.484318550803181314e-01,4.652004530746109423e-01,3.834893626750996432e-01
-4.518883822943082773e-01,4.692834938161243863e-01,3.870942187271522172e-01
-4.548372647430743987e-01,4.733545582533864038e-01,3.907038073584221394e-01
-4.572546242206494971e-01,4.774134940884592893e-01,3.943182261580045478e-01
-4.591163834087502171e-01,4.814601558065763620e-01,3.979375721835421431e-01
-4.603982816636298381e-01,4.854944049084674584e-01,4.015619420004507556e-01
-4.610758910469845429e-01,4.895161101362493494e-01,4.051914317200229765e-01
-4.611246325782168420e-01,4.935251476927052239e-01,4.088261370364542624e-01
-4.605197926839902367e-01,4.975214014537475138e-01,4.124661532628330352e-01
-4.592365398215490502e-01,5.015047631739040224e-01,4.161115753661367989e-01
-4.572499412510597216e-01,5.054751326846395054e-01,4.197624980012685802e-01
-4.545349799323537554e-01,5.094324180853444517e-01,4.234190155441737713e-01
-4.510665715210052107e-01,5.133765359268317452e-01,4.270812221240644080e-01
-4.468195814386369813e-01,5.173074113871838353e-01,4.307492116547842476e-01
-4.417688419918903708e-01,5.212249784398036434e-01,4.344230778653468406e-01
-4.358891695145863387e-01,5.251291800135189369e-01,4.381029143296674699e-01
-4.291553815077731593e-01,5.290199681446265956e-01,4.417888144955186558e-01
-4.215423137517667063e-01,5.328973041207312189e-01,4.454808717127323736e-01
-4.130248373650295957e-01,5.367611586162754911e-01,4.491791792606695810e-01
-4.035778757844749043e-01,5.406115118196560543e-01,4.528838303749804228e-01
-3.931764216419814106e-01,5.444483535518174211e-01,4.565949182736732115e-01
-3.817955535124624156e-01,5.482716833762490971e-01,4.603125361825105011e-01
-3.694104525086039925e-01,5.520815107002976507e-01,4.640367773597512957e-01
-3.559964186983657353e-01,5.558778548677336673e-01,4.677677351202544354e-01
-3.415288873211488330e-01,5.596607452425076401e-01,4.715055028589587027e-01
-3.259834447795350587e-01,5.634302212836560519e-01,4.752501740737555269e-01
-3.093358443834898219e-01,5.671863326113112391e-01,4.790018423877660525e-01
-2.915620218250072337e-01,5.709291390637958319e-01,4.827606015710385612e-01
-2.726381103612656176e-01,5.746587107457782340e-01,4.865265455616754608e-01
-2.525404556855350147e-01,5.783751280674930273e-01,4.902997684864054961e-01
-2.312456304652419914e-01,5.820784817750181972e-01,4.940803646806096183e-01
-2.087304485277653721e-01,5.857688729716357123e-01,4.978684287078129489e-01
-1.849719786750957107e-01,5.894464131302963317e-01,5.016640553786543277e-01
-1.599475581093353638e-01,5.931112240972268301e-01,5.054673397693422165e-01
-1.336348054517604855e-01,5.967634380867219424e-01,5.092783772396068942e-01
-1.060116333393789079e-01,6.004031976671880821e-01,5.130972634501620444e-01
-7.705626058332284978e-02,6.040306557384972352e-01,5.169240943796808985e-01
-4.674722387476689528e-02,6.076459755007352914e-01,5.207589663413000336e-01
-1.506338902481760798e-02,6.112493304144311912e-01,5.246019759986590980e-01
1.801603827432277094e-02,6.148409041523614782e-01,5.284532203814841234e-01
5.141408044365316371e-02,6.184208905430496062e-01,5.323127969007286353e-01
7.723193933111216491e-02,6.219894935060673591e-01,5.361808033632775583e-01
9.815713160759942379e-02,6.255469269792668374e-01,5.400573379862239065e-01
1.163330576121898441e-01,6.290934148380917801e-01,5.439424994107312505e-01
1.327159423948592043e-01,6.326291908071003389e-01,5.478363867154883993e-01
1.478263073855368148e-01,6.361544983638612871e-01,5.517390994297670659e-01
1.619825472097445873e-01,6.396695906353948580e-01,5.556507375460937315e-01
1.753951173880384795e-01,6.431747302873178640e-01,5.595714015325430335e-01
1.882110665889328294e-01,6.466701894058857203e-01,5.635011923446696658e-01
2.005375233239388155e-01,6.501562493731176673e-01,5.674402114370777905e-01
2.124551193023389573e-01,6.536332007352047002e-01,5.713885607746550521e-01
2.240261504506348422e-01,6.571013430644024877e-01,5.753463428434641980e-01
2.352997885505739295e-01,6.605609848146285490e-01,5.793136606613198403e-01
2.463155455157233220e-01,6.640124431709822916e-01,5.832906177880513576e-01
2.571056542545300250e-01,6.674560438934146189e-01,5.872773183354691451e-01
2.676967517473450298e-01,6.708921211547829166e-01,5.912738669770436495e-01
2.781110979565468710e-01,6.743210173735386670e-01,5.952803689573109569e-01
2.883674772762205851e-01,6.777430830412871643e-01,5.992969301010180327e-01
2.984818775494247345e-01,6.811586765454866743e-01,6.033236568220207152e-01
3.084680098940756343e-01,6.845681639875307312e-01,6.073606561319438990e-01
3.183377124378167222e-01,6.879719189964994541e-01,6.114080356486238932e-01
3.281012679631832296e-01,6.913703225388397877e-01,6.154659036043412801e-01
3.377676567440560107e-01,6.947637627242624347e-01,6.195343688538613725e-01
3.473447599273726261e-01,6.981526346081255996e-01,6.236135408822933712e-01
3.568395247088651523e-01,7.015373399906139618e-01,6.277035298127883189e-01
3.662580996599154592e-01,7.049182872129871047e-01,6.318044464140810668e-01
3.756059464936724601e-01,7.082958909512130363e-01,6.359164021079045659e-01
3.848879330574490609e-01,7.116705720072826757e-01,6.400395089762740408e-01
3.941084112348774982e-01,7.150427570985147252e-01,6.441738797686769047e-01
4.032712826204249978e-01,7.184128786451645654e-01,6.483196279091630876e-01
4.123800542113342793e-01,7.217813745566641348e-01,6.524768675033685295e-01
4.214378858929474503e-01,7.251486880168009908e-01,6.566457133454739470e-01
4.304476311332698923e-01,7.285152672681795005e-01,6.608262809251276293e-01
4.394118720240938192e-01,7.318815653962913448e-01,6.650186864343350379e-01
4.483329495884989524e-01,7.352480401135275123e-01,6.692230467743434108e-01
4.572129901035168476e-01,7.386151535434930526e-01,6.734394795625272545e-01
4.660539280512662752e-01,7.419833720059512139e-01,6.776681031392999266e-01
4.748575262036978661e-01,7.453531658027748863e-01,6.819090365750598570e-01
4.836253932593811977e-01,7.487250090052501861e-01,6.861623996771950562e-01
4.923589993805799758e-01,7.520993792431066582e-01,6.904283129971584554e-01
5.010596899218949796e-01,7.554767574956571252e-01,6.947068978376295112e-01
5.097286975952776134e-01,7.588576278854177737e-01,6.989982762597839461e-01
5.183671532778880708e-01,7.622424774746183740e-01,7.033025710906837258e-01
5.269760956378496397e-01,7.656317960649915433e-01,7.076199059308088124e-01
5.355564797266719745e-01,7.690260760012650465e-01,7.119504051617440155e-01
5.441091846653887121e-01,7.724258119787901222e-01,7.162941939540393710e-01
5.526350205332319909e-01,7.758315008557375991e-01,7.206513982752670300e-01
5.611347345523024499e-01,7.792436414703266534e-01,7.250221448982838712e-01
5.696090166487806083e-01,7.826627344635719297e-01,7.294065614097232642e-01
5.780585044602836176e-01,7.860892821080438519e-01,7.338047762187394074e-01
5.864837878496758083e-01,7.895237881431619309e-01,7.382169185660107935e-01
5.948854129776324218e-01,7.929667576175896127e-01,7.426431185330338858e-01
6.032638859794848818e-01,7.964186967393076522e-01,7.470835070517262144e-01
6.116196762859925640e-01,7.998801127339961736e-01,7.515382159143514373e-01
6.199532196225961966e-01,8.033515137123887762e-01,7.560073777837984510e-01
6.282649207172988914e-01,8.068334085473302109e-01,7.604911262042314268e-01
6.365551557435075170e-01,8.103263067613009074e-01,7.649895956121395280e-01
6.448242745206612669e-01,8.138307184252757676e-01,7.695029213478061791e-01
6.530726024927002715e-01,8.173471540698177273e-01,7.740312396672311968e-01
6.613004425014754606e-01,8.208761246094541386e-01,7.785746877545333122e-01
6.695080763700637094e-01,8.244181412814426402e-01,7.831334037348619548e-01
6.776957663086210504e-01,8.279737156001865106e-01,7.877075266878600379e-01
6.858637561533955651e-01,8.315433593287162584e-01,7.922971966617077255e-01
6.940122724477957306e-01,8.351275844687895411e-01,7.969025546877968047e-01
7.021415253723828354e-01,8.387269032714301797e-01,8.015237427960769656e-01
7.102517095291968063e-01,8.423418282699073334e-01,8.061609040311313867e-01
7.183430045838781197e-01,8.459728723374982939e-01,8.108141824690374699e-01
7.264155757674920499e-01,8.496205487726938843e-01,8.154837232350818921e-01
7.344695742380085157e-01,8.532853714149488678e-01,8.201696725224084661e-01
7.425051372995836729e-01,8.569678547945492886e-01,8.248721776116861859e-01
7.505223884755822805e-01,8.606685143208053779e-01,8.295913868918989298e-01
7.585214374290145667e-01,8.643878665134812067e-01,8.343274498823859409e-01
7.665023797212792145e-01,8.681264292832994167e-01,8.390805172562619818e-01
7.744652963970403148e-01,8.718847222684247278e-01,8.438507408653964648e-01
7.824102533793396708e-01,8.756632672351927216e-01,8.486382737671438470e-01
7.903373006545112434e-01,8.794625885530413800e-01,8.534432702530666548e-01
7.982464712211062574e-01,8.832832137556666519e-01,8.582658858799391277e-01
8.061377797701974046e-01,8.871256742030809717e-01,8.631062775033851997e-01
8.140112210560246364e-01,8.909905058625684493e-01,8.679646033145743678e-01
8.218667679052116259e-01,8.948782502308115783e-01,8.728410228805125737e-01
8.297043687990752758e-01,8.987894554249444834e-01,8.777356971885811321e-01
8.375239449457492213e-01,9.027246774774354554e-01,8.826487886961593698e-01
8.453253867355721152e-01,9.066844818791051086e-01,8.875804613863799153e-01
8.531085494421166704e-01,9.106694454271023753e-01,8.925308808313642261e-01
8.608732479897138745e-01,9.146801584514613337e-01,8.975002142646787417e-01
8.686192505514412909e-01,9.187172275168473679e-01,9.024886306653113754e-01
8.763462706628679655e-01,9.227812787278957263e-01,9.074963008561953703e-01
8.840539574261665479e-01,9.268729618112704349e-01,9.125233976213875664e-01
8.917418832204022650e-01,9.309929552116812390e-01,9.175700958475118130e-01
8.994095281016371013e-01,9.351419725327845267e-01,9.226365726972960424e-01
9.070562597291673690e-01,9.393207707938884266e-01,9.277230078263480895e-01
9.146813071213621971e-01,9.435301611880226869e-01,9.328295836593786250e-01
9.222837257030843672e-01,9.477710233655053385e-01,9.379564857501074826e-01
9.298623497334704835e-01,9.520443248191327035e-01,9.431039032621204576e-01
9.374157258737580989e-01,9.563511478823784051e-01,9.482720296300882756e-01
9.449420175226170837e-01,9.606927285095411273e-01,9.534610634999439727e-01
9.524388618076463642e-01,9.650705141077319249e-01,9.586712101199820202e-01
9.599031456419101493e-01,9.694862538865401946e-01,9.639026835013934091e-01
9.673306336268393535e-01,9.739421486361327096e-01,9.691557099847903922e-01
9.747152992910238511e-01,9.784411193096506087e-01,9.744305346172777993e-01
9.820479838663863648e-01,9.829873444512750025e-01,9.797274338894742529e-01
9.893132197247561654e-01,9.875875300976114657e-01,9.850467458005888188e-01
9.964791284618997880e-01,9.922549383541895418e-01,9.903889651878786671e-01
1.003410877078282581e+00,9.970437826621093569e-01,9.957555575207212017e-01
