1.987250802391268381e-05,1.958680178891895828e-05,1.952928953696901807e-05
3.013583048673808490e-04,3.546188293966736943e-04,3.639630159312536289e-04
8.187188375888604288e-04,1.030669111224928039e-03,1.068673790166949902e-03
1.519460723556911473e-03,2.016852107247032403e-03,2.107374753599391623e-03
2.371870414927701020e-03,3.299465165579149040e-03,3.470345204902937179e-03
3.352405319956712742e-03,4.870904494783698940e-03,5.153624664644319495e-03
4.441934429101616899e-03,6.726685832586737877e-03,7.156174459493120157e-03
5.624080405607344638e-03,8.864201065621947484e-03,9.478709112200696743e-03
6.884340032108412361e-03,1.128208546619245689e-02,1.212310804568079124e-02
8.209562217747120791e-03,1.397985435687533647e-02,1.509208078455574059e-02
9.587613744252402800e-03,1.695767645891365499e-02,1.838895958873394687e-02
1.100715316421016152e-02,2.021622359959899390e-02,2.201756265757019715e-02
1.245747143854008566e-02,2.375656622475657079e-02,2.598209929986905128e-02
1.392837601450203251e-02,2.758009793892406830e-02,3.028710146061365516e-02
1.541010441552919004e-02,3.168847926280685817e-02,3.493737253005714527e-02
1.689325859968905663e-02,3.608359457444654944e-02,3.993794788444660765e-02
1.836875437408472603e-02,4.076144565613101095e-02,4.505611008637717269e-02
1.982778200511911906e-02,4.546766823042994871e-02,5.013649058092811001e-02
2.126177534075299538e-02,5.013627745696052490e-02,5.518979562084874030e-02
2.266238753213522389e-02,5.477091883149006607e-02,6.021951429315685472e-02
2.402147196197876658e-02,5.937479572902409214e-02,6.522870248247139568e-02
2.533106734628192552e-02,6.395074019189231351e-02,7.022005163810240980e-02
2.658338622947656674e-02,6.850126948652968117e-02,7.519594363513751323e-02
2.777080627540906566e-02,7.302863179553673034e-02,8.015849502883087840e-02
2.888586388987368289e-02,7.753484350542452774e-02,8.510959311167923258e-02
2.992124980941372053e-02,8.202171991539725093e-02,9.005092555938837284e-02
3.086980636557913257e-02,8.649090073998141892e-02,9.498400500816583936e-02
3.172452619056589235e-02,9.094387145087445834e-02,9.991018958492312030e-02
3.247855217382208948e-02,9.538198126317265491e-02,1.048307001767431468e-01
3.312517851318470818e-02,9.980645839263968533e-02,1.097466350513018329e-01
3.365785273071240924e-02,1.042184230764950092e-01,1.146589823087034166e-01
3.407017854444585603e-02,1.086188987482171187e-01,1.195686305455318232e-01
3.435591950406420569e-02,1.130088216785762045e-01,1.244763780354549709e-01
3.450900331180948438e-02,1.173890493344618424e-01,1.293829406715285013e-01
3.452352676084521899e-02,1.217603676596633600e-01,1.342889588690936165e-01
3.439376123191911772e-02,1.261234974444161994e-01,1.391950035917636219e-01
3.411415869625714775e-02,1.304790999208776947e-01,1.441015816340939781e-01
3.367935817838605544e-02,1.348277816979822907e-01,1.490091402714503743e-01
3.308419263720431547e-02,1.391700991300523771e-01,1.539180713690131985e-01
3.232369622746147225e-02,1.435065621980745332e-01,1.588287150268213321e-01
3.139311190689431791e-02,1.478376379699623544e-01,1.637413628255098008e-01
3.028789935674654557e-02,1.521637536958043435e-01,1.686562607273675019e-01
2.900374318549089891e-02,1.564852995855883222e-01,1.735736116790763672e-01
2.753656138714840121e-02,1.608026313098610549e-01,1.784935779556588997e-01
2.588251402693936623e-02,1.651160722579206597e-01,1.834162832794734577e-01
2.403801212805238910e-02,1.694259155832396335e-01,1.883418147433391920e-01
2.199972673408924148e-02,1.737324260617165994e-01,1.932702245628885873e-01
1.976459812238586661e-02,1.780358417848816321e-01,1.982015316798768634e-01
1.732984514390138731e-02,1.823363757072523628e-01,2.031357232353305786e-01
1.469297466565952504e-02,1.866342170645470810e-01,2.080727559289987094e-01
1.185179109200024464e-02,1.909295326773343127e-01,2.130125572794963063e-01
8.804405941048591006e-03,1.952224681528833550e-01,2.179550267977696798e-01
5.549247452863494308e-03,1.995131489964185323e-01,2.229000370849800183e-01
2.085070205797494129e-03,2.038016816416350352e-01,2.278474348645941894e-01
-1.589035282417028492e-03,2.080881544091701674e-01,2.327970419573290317e-01
-5.473632992397774177e-03,2.123726384007207368e-01,2.377486562066016829e-01
-9.568931903215721971e-03,2.166551883356164776e-01,2.427020523612840597e-01
-1.387477657848642729e-02,2.209358433358958318e-01,2.476569829217851182e-01
-1.839063786217211630e-02,2.252146276652666756e-01,2.526131789548345941e-01
-2.311560370778768803e-02,2.294915514267420464e-01,2.575703508817395182e-01
-2.804837016480027020e-02,2.337666112232282822e-01,2.625281892443740439e-01
-3.318723254597703842e-02,2.380397907848892936e-01,2.674863654526885570e-01
-3.853007679947364345e-02,2.423110615667053436e-01,2.724445325171195864e-01
-4.407437110932344027e-02,2.465803833192931616e-01,2.774023257689019473e-01
-4.981715774802070174e-02,2.508477046357310836e-01,2.823593635709555905e-01
-5.575504520463685915e-02,2.551129634768570797e-01,2.873152480217147087e-01
-6.188420061184040505e-02,2.593760876772505108e-01,2.922695656539913145e-01
-6.820034249491942202e-02,2.636369954338840804e-01,2.972218881307194804e-01
-7.469873386565270557e-02,2.678955957792332754e-01,3.021717729391938390e-01
-8.137417568354426978e-02,2.721517890404405726e-01,3.071187640852092171e-01
-8.822100070656219151e-02,2.764054672859756479e-01,3.120623927883132143e-01
-9.523306775307788241e-02,2.806565147610780020e-01,3.170021781792073390e-01
-1.024037563962166275e-01,2.849048083131383580e-01,3.219376280001650104e-01
-1.097259621112524619e-01,2.891502178080482821e-01,3.268682393091832394e-01
-1.171920918960542707e-01,2.933926065384395709e-01,3.317934991884371465e-01
-1.247940603839402252e-01,2.976318316246346907e-01,3.367128854574800711e-01
-1.325232864674788791e-01,3.018677444090305251e-01,3.416258673914975841e-01
-1.403706904511025089e-01,3.061001908445641906e-01,3.465319064448146302e-01
-1.483266917492604975e-01,3.103290118778164741e-01,3.514304569797371824e-01
-1.563812071462782616e-01,3.145540438272561579e-01,3.563209670007115859e-01
-1.645236496326871745e-01,3.187751187570438405e-01,3.612028788936836321e-01
-1.727429278320611050e-01,3.229920648467669575e-01,3.660756301704479743e-01
-1.810274460310780931e-01,3.272047067574190282e-01,3.709386542176945634e-01
-1.893651048244570645e-01,3.314128659938814225e-01,3.757913810503712426e-01
-1.977433023850949101e-01,3.356163612641179239e-01,3.806332380689148032e-01
-2.061489363686280774e-01,3.398150088352606679e-01,3.854636508198203693e-01
-2.145684064600834051e-01,3.440086228867059170e-01,3.902820437589626934e-01
-2.229876175691307971e-01,3.481970158603193699e-01,3.950878410170125532e-01
-2.313919836789399276e-01,3.523799988078056833e-01,3.998804671662377075e-01
-2.397664323521730700e-01,3.565573817352667985e-01,4.046593479879248556e-01
-2.480954098962632470e-01,3.607289739449483501e-01,4.094239112396089175e-01
-2.563628871885350047e-01,3.648945843741413508e-01,4.141735874212525981e-01
-2.645523661602826038e-01,3.690540219311860826e-01,4.189078105394762885e-01
-2.726468869372641324e-01,3.732070958284979256e-01,4.236260188689089379e-01
-2.806290356326294200e-01,3.773536159125181477e-01,4.283276557096908910e-01
-2.884809527866989409e-01,3.814933929904721910e-01,4.330121701401374312e-01
-2.961843424463266317e-01,3.856262391537996215e-01,4.376790177635557222e-01
-3.037204818752295976e-01,3.897519680981062495e-01,4.423276614481669866e-01
-3.110702318849020709e-01,3.938703954394732754e-01,4.469575720591024148e-01
-3.182140477743539697e-01,3.979813390269505979e-01,4.515682291814049898e-01
-3.251319908652147150e-01,4.020846192510404427e-01,4.561591218329774100e-01
-3.318037406174444426e-01,4.061800593479827359e-01,4.607297491664134603e-01
-3.382086073092112621e-01,4.102674856996287867e-01,4.652796211586453512e-01
-3.443255452632128510e-01,4.143467281286978832e-01,4.698082592873558672e-01
-3.501331666003312804e-01,4.184176201891983138e-01,4.743151971931086064e-01
-3.556097554999695376e-01,4.224799994517866586e-01,4.787999813261644699e-01
-3.607332829453709366e-01,4.265337077838481372e-01,4.832621715769730986e-01
-3.654814219308267775e-01,4.305785916240646993e-01,4.877013418893494934e-01
-3.698315631064787445e-01,4.346145022512446499e-01,4.921170808553681497e-01
-3.737608308354786191e-01,4.386412960471903766e-01,4.965089922910430054e-01
-3.772460996369461084e-01,4.426588347533693679e-01,5.008766957918842078e-01
-3.802640109874927399e-01,4.466669857211731931e-01,5.052198272674698343e-01
-3.827909904528402629e-01,4.506656221555326858e-01,5.095380394542007307e-01
-3.848032651206848009e-01,4.546546233516822189e-01,5.138310024054476566e-01
-3.862768813046522642e-01,4.586338749248506930e-01,5.180984039583526046e-01
-3.871877224891451252e-01,4.626032690326778440e-01,5.223399501765845221e-01
-3.875115274837340751e-01,4.665627045901505343e-01,5.265553657684012290e-01
-3.872239087558199122e-01,4.705120874768675132e-01,5.307443944794205670e-01
-3.863003709093559279e-01,4.744513307364432442e-01,5.349067994595594344e-01
-3.847163292776581422e-01,4.783803547678771584e-01,5.390423636036478783e-01
-3.824471285976095980e-01,4.822990875087093676e-01,5.431508898652845918e-01
-3.794680617329609373e-01,4.862074646098170638e-01,5.472322015435634457e-01
-3.757543884138424550e-01,4.901054296016855161e-01,5.512861425423472017e-01
-3.712813539603632140e-01,4.939929340520303191e-01,5.553125776018313919e-01
-3.660242079575550811e-01,4.978699377146272309e-01,5.593113925022016319e-01
-3.599582228498108827e-01,5.017364086692441827e-01,5.632824942392410383e-01
-3.530587124229855878e-01,5.055923234525633303e-01,5.672258111718151419e-01
-3.453010501427576928e-01,5.094376671800013856e-01,5.711412931412075400e-01
-3.366606873185443716e-01,5.132724336583497360e-01,5.750289115623528069e-01
-3.271131710624914368e-01,5.170966254891589120e-01,5.788886594870645830e-01
-3.166341620141783220e-01,5.209102541628185534e-01,5.827205516394131646e-01
-3.051994518020355041e-01,5.247133401432848565e-01,5.865246244234750828e-01
-2.927849802134961377e-01,5.285059129434308556e-01,5.903009359037184600e-01
-2.793668520466081051e-01,5.322880111909923384e-01,5.940495657583562128e-01
-2.649213536169993666e-01,5.360596826851181662e-01,5.977706152060435763e-01
-2.494249688948660393e-01,5.398209844435233329e-01,6.014642069063530494e-01
-2.328543952478561441e-01,5.435719827402744064e-01,6.051304848345063769e-01
-2.151865587667240731e-01,5.473127531342394381e-01,6.087696141308951425e-01
-1.963986291517649807e-01,5.510433804882447495e-01,6.123817809259632927e-01
-1.764680341395780949e-01,5.547639589790178682e-01,6.159671921410716511e-01
-1.553724734501646110e-01,5.584745920979624634e-01,6.195260752660020076e-01
-1.330899322366374538e-01,5.621753926428806336e-01,6.230586781138037766e-01
-1.095986940201920251e-01,5.658664827007173770e-01,6.265652685537149713e-01
-8.487735309487853819e-02,5.695479936214509209e-01,6.300461342229290995e-01
-5.890482638787455233e-02,5.732200659832483725e-01,6.335015822180081191e-01
-3.166036476215430828e-02,5.768828495490148089e-01,6.369319387667686794e-01
-3.123563750131865685e-03,5.805365032144876869e-01,6.403375488814975203e-01
2.672562629214780827e-02,5.841811949480295585e-01,6.437187759943788778e-01
5.584021204279088907e-02,5.878171017222791894e-01,6.470760015760228523e-01
7.846756119586018041e-02,5.914444094378477068e-01,6.504096247380202200e-01
9.739986715791629224e-02,5.950633128392374127e-01,6.537200618204495051e-01
1.141202856368165319e-01,5.986740154231788846e-01,6.570077459652816643e-01
1.293488500740048452e-01,6.022767293395941968e-01,6.602731266766376228e-01
1.434963539231794150e-01,6.058716752853976484e-01,6.635166693688555606e-01
1.568217651029420734e-01,6.094590823913468292e-01,6.667388549033349543e-01
1.694998929963527912e-01,6.130391881021892697e-01,6.699401791151254892e-01
1.816547789479063812e-01,6.166122380503178402e-01,6.731211523302254029e-01
1.933778584989441496e-01,6.201784859231950220e-01,6.762822988745553765e-01
2.047385875064524074e-01,6.237381933247874155e-01,6.794241565755665402e-01
2.157910225209413446e-01,6.272916296312651685e-01,6.825472762574348318e-01
2.265780859470915010e-01,6.308390718412230092e-01,6.856522212307858410e-01
2.371344361416304336e-01,6.343808044206948882e-01,6.887395667778810626e-01
2.474884603014728679e-01,6.379171191432267962e-01,6.918098996341875973e-01
2.576636956432375447e-01,6.414483149252825367e-01,6.948638174672341350e-01
2.676798664126510685e-01,6.449746976572569013e-01,6.979019283536395113e-01
2.775536558356718198e-01,6.484965800303825745e-01,7.009248502551964632e-01
2.872992909283054175e-01,6.520142813598129861e-01,7.039332104948455848e-01
2.969289924677238068e-01,6.555281274041613315e-01,7.069276452333879135e-01
3.064533260427767525e-01,6.590384501817889706e-01,7.099087989477358418e-01
3.158814793557109257e-01,6.625455877841386343e-01,7.128773239114976068e-01
3.252214837391487756e-01,6.660498841863941033e-01,7.158338796786570812e-01
3.344803929199824943e-01,6.695516890557603462e-01,7.187791325710897183e-01
3.436644286249795899e-01,6.730513575576698715e-01,7.217137551706366283e-01
3.527791001885127176e-01,6.765492501601910735e-01,7.246384258164199066e-01
3.618293035721871220e-01,6.800457324369474366e-01,7.275538281080770053e-01
3.708194039302986078e-01,6.835411748688394740e-01,7.304606504155407576e-01
3.797533049130814020e-01,6.870359526448504006e-01,7.333595853959942179e-01
3.886345071961690989e-01,6.905304454622531729e-01,7.362513295185777462e-01
3.974661581938763733e-01,6.940250373264884587e-01,7.391365825974204329e-01
4.062510945088454450e-01,6.975201163510200697e-01,7.420160473335262186e-01
4.149918783591767246e-01,7.010160745574550711e-01,7.448904288660317397e-01
4.236908289822855500e-01,7.045133076762173374e-01,7.477604343333258408e-01
4.323500498254192470e-01,7.080122149480685412e-01,7.506267724444858347e-01
4.409714521836370360e-01,7.115131989267597934e-01,7.534901530614808163e-01
4.495567758274739423e-01,7.150166652831033698e-01,7.563512867925543670e-01
4.581076070677989054e-01,7.185230226107539586e-01,7.592108845971833331e-01
4.666253946291337162e-01,7.220326822339803163e-01,7.620696574029850456e-01
4.751114636410438963e-01,7.255460580177143237e-01,7.649283157349383577e-01
4.835670280069044868e-01,7.290635661801672107e-01,7.677875693572431270e-01
4.919932013683709360e-01,7.325856251082824011e-01,7.706481269281475477e-01
5.003910068499560770e-01,7.361126551763345072e-01,7.735106956680475321e-01
5.087613857402533135e-01,7.396450785679368201e-01,7.763759810411472451e-01
5.171052052431257540e-01,7.431833191017569451e-01,7.792446864509668947e-01
5.254232654128040414e-01,7.467278020612302392e-01,7.821175129499604584e-01
5.337163053706646121e-01,7.502789540285529357e-01,7.849951589635202343e-01
5.419850088877895544e-01,7.538372027232703720e-01,7.878783200286124666e-01
5.502300094058921731e-01,7.574029768457429812e-01,7.907676885473164941e-01
5.584518945595274841e-01,7.609767059257964705e-01,7.936639535555156666e-01
5.666512102540052220e-01,7.645588201768989123e-01,7.965678005070112588e-01
5.748284643465747523e-01,7.681497503561471873e-01,7.994799110733263880e-01
5.829841299721478798e-01,7.717499276304360389e-01,8.024009629594871518e-01
5.911186485497847976e-01,7.753597834491288143e-01,8.053316297360858522e-01
5.992324325014752873e-01,7.789797494236211373e-01,8.082725806879426100e-01
6.073258677109796277e-01,7.826102572141612201e-01,8.112244806797306307e-01
6.153993157469964670e-01,7.862517384243459251e-01,8.141879900389438207e-01
6.234531158719778254e-01,7.899046245037211200e-01,8.171637644566416281e-01
6.314875868552621840e-01,7.935693466589530676e-01,8.201524549064523884e-01
6.395030286069242065e-01,7.972463357740777745e-01,8.231547075823862913e-01
6.474997236466516481e-01,8.009360223403633183e-01,8.261711638560582660e-01
6.554779384201245840e-01,8.046388363963943302e-01,8.292024602540466471e-01
6.634379244736894332e-01,8.083552074790320008e-01,8.322492284561725517e-01
6.713799194966811879e-01,8.120855645859690330e-01,8.353120953156315531e-01
6.793041482392304653e-01,8.158303361507021068e-01,8.383916829020470196e-01
6.872108233121687615e-01,8.195899500308234664e-01,8.414886085686665851e-01
6.951001458744296979e-01,8.233648335106457106e-01,8.446034850451302756e-01
7.029723062120138977e-01,8.271554133193387282e-01,8.477369205574681876e-01
7.108274842115706038e-01,8.309621156658701935e-01,8.508895189772455181e-01
7.186658497303466397e-01,8.347853662922783968e-01,8.540618800021121393e-01
7.264875628630664828e-01,8.386255905469967020e-01,8.572545993703770684e-01
7.342927741050121471e-01,8.424832134802467953e-01,8.604682691126958050e-01
7.420816244092156566e-01,8.463586599638138752e-01,8.637034778445035199e-01
7.498542451340841630e-01,8.502523548379313789e-01,8.669608111034668996e-01
7.576107578761073214e-01,8.541647230884568121e-01,8.702408517370334717e-01
7.653512741803082386e-01,8.580961900580909019e-01,8.735441803461000410e-01
7.730758951187872707e-01,8.620471816961049472e-01,8.768713757919895935e-01
7.807847107250371899e-01,8.660181248518569186e-01,8.802230157753527795e-01
7.884777992683412728e-01,8.700094476184777603e-01,8.835996774973619017e-01
7.961552263487385872e-01,8.740215797343582338e-01,8.870019384157414866e-01
8.038170437880012287e-01,8.780549530517423040e-01,8.904303771108986743e-01
8.114632882861471108e-01,8.821100020837416844e-01,8.938855742808281546e-01
8.190939798052351284e-01,8.861871646437086136e-01,8.973681138877901420e-01
8.267091196326123992e-01,8.902868825941918640e-01,9.008785844852822411e-01
8.343086880632333280e-01,8.944096027270015403e-01,9.044175807609592388e-01
8.418926416245826605e-01,8.985557778014269248e-01,9.079857053404034595e-01
8.494609097464304037e-01,9.027258677750190641e-01,9.115835709088482286e-01
8.570133907495262049e-01,9.069203412710074019e-01,9.152118027241655795e-01
8.645499469893066502e-01,9.111396773395702420e-01,9.188710416162430006e-01
8.720703989389674282e-01,9.153843675879965724e-01,9.225619475976705175e-01
8.795745179244484069e-01,9.196549187795426406e-01,9.262852042519047480e-01
8.870620171229338657e-01,9.239518560355719501e-01,9.300415241231330121e-01
8.945325402915962343e-01,9.282757268254733241e-01,9.338316554152811255e-01
9.019856474815389769e-01,9.326271060017150560e-01,9.376563904292520846e-01
9.094207966749000560e-01,9.370066022464177413e-01,9.415165763493812401e-01
9.168373197969228450e-01,9.414148664628602114e-01,9.454131292689799126e-01
9.242343907869016162e-01,9.458526029089270315e-01,9.493470527850186302e-01
9.316109821585969453e-01,9.503205842993348584e-01,9.533194632098557220e-01
9.389658043552175926e-01,9.548196728317405180e-01,9.573316246646957905e-01
9.462972184323180658e-01,9.593508503828788170e-01,9.613849994768320917e-01
9.536031055385166821e-01,9.639152635362960853e-01,9.654813233402667061e-01
9.608806625337186214e-01,9.685142939303800214e-01,9.696227227700090490e-01
9.681260623876842830e-01,9.731496748913009975e-01,9.738119099005037027e-01
9.753338437904243152e-01,9.778237006153979172e-01,9.780525320018426116e-01
9.824956869038824481e-01,9.825396448312243569e-01,9.823498713342101452e-01
9.895975135833549041e-01,9.873027503226209367e-01,9.867125001250346417e-01
9.966102647167563999e-01,9.921233689817395840e-01,9.911575352693838825e-01
1.003410877078282581e+00,9.970437826621093569e-01,9.957555575207212017e-01
