1.987250802391268381e-05,1.958680178891895828e-05,1.952928953696901807e-05
3.337353307422643483e-04,3.393498208359605828e-04,3.881953262165223069e-04
9.447424029350551559e-04,9.710350943499989262e-04,1.165002127605860175e-03
1.812397806416890392e-03,1.877872710525229629e-03,2.334908749465864491e-03
2.915149138453367386e-03,3.041132323967844948e-03,3.898167123210749454e-03
4.238533108913675011e-03,4.448681574946883842e-03,5.860097458897404327e-03
5.771824309733563502e-03,6.091813767092483893e-03,8.228560186343629110e-03
7.506597040675113720e-03,7.963900580197511014e-03,1.101295457730080626e-02
9.435977502037253689e-03,1.005969698890747319e-02,1.422373099122857532e-02
1.155420688987019058e-02,1.237493766628893280e-02,1.787212122068984957e-02
1.385636503267385217e-02,1.490608293620746504e-02,2.196997555824341253e-02
1.633818516086441019e-02,1.765014914412170108e-02,2.652965738425379708e-02
1.899592416054267027e-02,2.060459017182660404e-02,3.156397099702043518e-02
2.182626848620126958e-02,2.376721168035486956e-02,3.708610967321580854e-02
2.482626400242193138e-02,2.713610723416949241e-02,4.301645220729462954e-02
2.799326246049497688e-02,3.070960959062381951e-02,4.895692716352811197e-02
3.132487988488073111e-02,3.448625282213547971e-02,5.488504683580832516e-02
3.481896370181381678e-02,3.846474237843729854e-02,6.080507616606838778e-02
3.847356642347047467e-02,4.257388398755484332e-02,6.672067867509209882e-02
4.223268682125917023e-02,4.662992706194556830e-02,7.263502237261065808e-02
4.593739143562692445e-02,5.064087802525014254e-02,7.855086178612669112e-02
4.959569800774498577e-02,5.460974620684625608e-02,8.447060236833700553e-02
5.321056662909547791e-02,5.853921792193065438e-02,9.039635168748677563e-02
5.678467368500749596e-02,6.243170423094481641e-02,9.632996055780893019e-02
6.032045203749832746e-02,6.628938000947895426e-02,1.022730564114275320e-01
6.382012418281635124e-02,7.011421620857613557e-02,1.082270706149076334e-01
6.728572983735314761e-02,7.390800672064654075e-02,1.141932610083939148e-01
7.071914906067783280e-02,7.767239092962302527e-02,1.201727306383489347e-01
7.412212177102739386e-02,8.140887277681810308e-02,1.261664434302514903e-01
7.749626431997366782e-02,8.511883699010658333e-02,1.321752373810734515e-01
8.084308365101700034e-02,8.880356298571503992e-02,1.381998357264328514e-01
8.416398945878897364e-02,9.246423684666588150e-02,1.442408564425962936e-01
8.746030468249829659e-02,9.610196170106430347e-02,1.502988203709467174e-01
9.073327460281771506e-02,9.971776676071025802e-02,1.563741581964428473e-01
9.398407476100459346e-02,1.033126152314534918e-01,1.624672164678466479e-01
9.721381787926347551e-02,1.068874112680303634e-01,1.685782628131034799e-01
1.004235599297852166e-01,1.104430061153585108e-01,1.747074904760072545e-01
1.036143054745735925e-01,1.139802035536721381e-01,1.808550222785410000e-01
1.067870123778271452e-01,1.174997647450344573e-01,1.870209140958175587e-01
1.099425959761113347e-01,1.210024125626949776e-01,1.932051579164186239e-01
1.130819327780902273e-01,1.244888354716356949e-01,1.994076845494529571e-01
1.162058637545639594e-01,1.279596910178896485e-01,2.056283660302508642e-01
1.193151972704504793e-01,1.314156089753368006e-01,2.118670177688897205e-01
1.224107117028114533e-01,1.348571941913294936e-01,2.181234004793510262e-01
1.254931577827753109e-01,1.382850291663647035e-01,2.243972219218032804e-01
1.285632606939504652e-01,1.416996763978947416e-01,2.306881384860621220e-01
1.316217219555389506e-01,1.451016805140601662e-01,2.369957566405633820e-01
1.346692211146597318e-01,1.484915702194898879e-01,2.433196342680428725e-01
1.377064172692406552e-01,1.518698600722382386e-01,2.496592819064529234e-01
1.407339504402021213e-01,1.552370521083087096e-01,2.560141639113886480e-01
1.437524428093604756e-01,1.585936373279873135e-01,2.623836995543536998e-01
1.467624998375662571e-01,1.619400970562989706e-01,2.687672640695303317e-01
1.497647112759045440e-01,1.652769041882675427e-01,2.751641896602877724e-01
1.527596520813624958e-01,1.686045243282537909e-01,2.815737664754023317e-01
1.557478832471256569e-01,1.719234168314406341e-01,2.879952435638793995e-01
1.587299525565849523e-01,1.752340357544879823e-01,2.944278298163091057e-01
1.617063952691976114e-01,1.785368307214873773e-01,3.008706948998403075e-01
1.646777347455302687e-01,1.818322477105655532e-01,3.073229701931030622e-01
1.676444830180773005e-01,1.851207297658239159e-01,3.137837497267466080e-01
1.706071413138249282e-01,1.884027176387184088e-01,3.202520911346447563e-01
1.735662005339626279e-01,1.916786503624917093e-01,3.267270166202816961e-01
1.765221416956234135e-01,1.949489657628501182e-01,3.332075139423246180e-01
1.794754363401138142e-01,1.982141009077069138e-01,3.396925374229360917e-01
1.824265469116617966e-01,2.014744924985120700e-01,3.461810089819532532e-01
1.853759271103462558e-01,2.047305772054339723e-01,3.526718191996646712e-01
1.883240222225582572e-01,2.079827919484317778e-01,3.591638284105504453e-01
1.912712694320022333e-01,2.112315741260962221e-01,3.656558678299980381e-01
1.942180981139809137e-01,2.144773617939876864e-01,3.721467407156842100e-01
1.971649301154517198e-01,2.177205937940873692e-01,3.786352235649926290e-01
2.001121800230742376e-01,2.209617098369052179e-01,3.851200673495397964e-01
2.030602554212552202e-01,2.242011505377237146e-01,3.915999987875988242e-01
2.060095571419734428e-01,2.274393574084232483e-01,3.980737216549259383e-01
2.089604795079613164e-01,2.306767728063248146e-01,4.045399181342341777e-01
2.119134105706271254e-01,2.339138398414861153e-01,4.109972502032946950e-01
2.148687323439056884e-01,2.371510022439064502e-01,4.174443610613994826e-01
2.178268210350713385e-01,2.403887041921298207e-01,4.238798765936775959e-01
2.207880472733363408e-01,2.436273901047856794e-01,4.303024068725112561e-01
2.237527763369420719e-01,2.468675043966504501e-01,4.367105476950885468e-01
2.267213683792454471e-01,2.501094912008968163e-01,4.431028821558857800e-01
2.296941786542047725e-01,2.533537940592445747e-01,4.494779822526801527e-01
2.326715577414694147e-01,2.566008555818292125e-01,4.558344105244662159e-01
2.356538517711890823e-01,2.598511170786624302e-01,4.621707217194733208e-01
2.386414026485069728e-01,2.631050181646548691e-01,4.684854644912645472e-01
2.416345482775696940e-01,2.663629963402509016e-01,4.747771831207434068e-01
2.446336227847918376e-01,2.696254865498073916e-01,4.810444192616902259e-01
2.476389567409913450e-01,2.728929207199228268e-01,4.872857137073179357e-01
2.506508773819098312e-01,2.761657272800135954e-01,4.934996081751527597e-01
2.536697088265423283e-01,2.794443306674920802e-01,4.996846471074237184e-01
2.566957722926280772e-01,2.827291508199690773e-01,5.058393794839920465e-01
2.597293863085494703e-01,2.860206026569725446e-01,5.119623606447488706e-01
2.627708669208465575e-01,2.893190955537079390e-01,5.180521541182767642e-01
2.658205278964951845e-01,2.926250328094343600e-01,5.241073334534913641e-01
2.688786809190218952e-01,2.959388111130635268e-01,5.301264840508771448e-01
2.719456357775280608e-01,2.992608200085996595e-01,5.361082049898704405e-01
2.750217005476380816e-01,3.025914413630476085e-01,5.420511108488728080e-01
2.781071817633860577e-01,3.059310488394137439e-01,5.479538335143312455e-01
2.812023845790450061e-01,3.092800073774019110e-01,5.538150239753044657e-01
2.843076129198834900e-01,3.126386726843774500e-01,5.596333540998849054e-01
2.874231696208972009e-01,3.160073907391198755e-01,5.654075183898730206e-01
2.905493565525189559e-01,3.193864973108393457e-01,5.711362357100897569e-01
2.936864747324070546e-01,3.227763174958419023e-01,5.768182509887376241e-01
2.968348244224118804e-01,3.261771652741603522e-01,5.824523368852740912e-01
2.999947052098865807e-01,3.295893430883516384e-01,5.880372954222846671e-01
3.031664160725754953e-01,3.330131414465664630e-01,5.935719595779405111e-01
3.063502554263612399e-01,3.364488385518639713e-01,5.990551948356744871e-01
3.095465211552689833e-01,3.398966999596078620e-01,6.044859006878250396e-01
3.127555106231485471e-01,3.433569782646510582e-01,6.098630120900855323e-01
3.159775206666172731e-01,3.468299128198413239e-01,6.151855008637241440e-01
3.192128475688834066e-01,3.503157294872356609e-01,6.204523770426640938e-01
3.224617870142119092e-01,3.538146404232350717e-01,6.256626901626549664e-01
3.257246340228756587e-01,3.573268438986718643e-01,6.308155304899165650e-01
3.290016828665682236e-01,3.608525241547115847e-01,6.359100301867989247e-01
3.322932269643413816e-01,3.643918512952415978e-01,6.409453644121704263e-01
3.355995587592686125e-01,3.679449812162308708e-01,6.459207523544260310e-01
3.389209695761377650e-01,3.715120555723664952e-01,6.508354581951903972e-01
3.422577494605940629e-01,3.750932017810782448e-01,6.556887920019858207e-01
3.456101870002743492e-01,3.786885330638833924e-01,6.604801105483369961e-01
3.489785691285638980e-01,3.822981485248019284e-01,6.652088180599721179e-01
3.523631809117698244e-01,3.859221332654076964e-01,6.698743668860090983e-01
3.557643053205268302e-01,3.895605585359239176e-01,6.744762580942090802e-01
3.591822229864390370e-01,3.932134819215871713e-01,6.790140419895873691e-01
3.626172119450005726e-01,3.968809475633612305e-01,6.834873185559118269e-01
3.660695473659384414e-01,4.005629864119256145e-01,6.878957378197896322e-01
3.695395012722212935e-01,4.042596165137229969e-01,6.922390001372945578e-01
3.730273422490390511e-01,4.079708433277149382e-01,6.965168564032712117e-01
3.765333351441086940e-01,4.116966600713913293e-01,7.007291081836648505e-01
3.800577407607631519e-01,4.154370480944469812e-01,7.048756077714424251e-01
3.836008155452786950e-01,4.191919772784593046e-01,7.089562581668447105e-01
3.871628112699789792e-01,4.229614064608095969e-01,7.129710129829237575e-01
3.907439747136438046e-01,4.267452838810141813e-01,7.169198762775006450e-01
3.943445473408129787e-01,4.305435476475751866e-01,7.208029023128476043e-01
3.979647649815451493e-01,4.343561262234093001e-01,7.246201952445967542e-01
4.016048575132198373e-01,4.381829389278785181e-01,7.283719087415122528e-01
4.052650485459505236e-01,4.420238964534154436e-01,7.320582455379466280e-01
4.089455551131440658e-01,4.458789013947375701e-01,7.356794569209286205e-01
4.126465873687555908e-01,4.497478487886183429e-01,7.392358421539785285e-01
4.163683482926796575e-01,4.536306266622240346e-01,7.427277478398744970e-01
4.201110334057462370e-01,4.575271165880140933e-01,7.461555672247061066e-01
4.238748304956854174e-01,4.614371942432518581e-01,7.495197394456575291e-01
4.276599193553710654e-01,4.653607299722081758e-01,7.528207487250720975e-01
4.314664715346036017e-01,4.692975893491784789e-01,7.560591235134139776e-01
4.352946501065833029e-01,4.732476337405032152e-01,7.592354355838404345e-01
4.391446094501816333e-01,4.772107208638294851e-01,7.623502990811426017e-01
4.430164950489780540e-01,4.811867053429376706e-01,7.654043695278799353e-01
4.469104433079989502e-01,4.851754392565129081e-01,7.683983427905690666e-01
4.508265813889502094e-01,4.891767726793403992e-01,7.713329540088195158e-01
4.547650270646572124e-01,4.931905542144688348e-01,7.742089764903318239e-01
4.587258885933155894e-01,4.972166315149993410e-01,7.770272205746877603e-01
4.627092646130793185e-01,5.012548517942143622e-01,7.797885324688579312e-01
4.667152440573575922e-01,5.053050623228912963e-01,7.824937930573493405e-01
4.707439060911532969e-01,5.093671109127098084e-01,7.851439166898943611e-01
4.747953200686113040e-01,5.134408463847786042e-01,7.877398499495608108e-01
4.788695455118911481e-01,5.175261190223906516e-01,7.902825704041271937e-01
4.829666321113609828e-01,5.216227810072169291e-01,7.927730853435257519e-01
4.870866197469872483e-01,5.257306868382479736e-01,7.952124305060993548e-01
4.912295385307680617e-01,5.298496937328736056e-01,7.976016687963821683e-01
4.953954088698857006e-01,5.339796620096022295e-01,7.999418889970261182e-01
4.995842415502485534e-01,5.381204554519863903e-01,8.022342044774440906e-01
5.037960378399313210e-01,5.422719416534387271e-01,8.044797519016650966e-01
5.080307896120295208e-01,5.464339923426768664e-01,8.066796899378084751e-01
5.122884794862986313e-01,5.506064836896417125e-01,8.088351979715170392e-01
5.165690809889368351e-01,5.547892965917925467e-01,8.109474748255850463e-01
5.208725587297822202e-01,5.589823169407734937e-01,8.130177374879438146e-01
5.251988685961404002e-01,5.631854358695044249e-01,8.150472198500625653e-01
5.295479579624391420e-01,5.673985499798158694e-01,8.170371714577350231e-01
5.339197659148255948e-01,5.716215615508242198e-01,8.189888562761232782e-01
5.383142234898057321e-01,5.758543787282834892e-01,8.209035514708320491e-01
5.427312539260049640e-01,5.800969156952162642e-01,8.227825462066902240e-01
5.471707729280793631e-01,5.843490928241688032e-01,8.246271404658150894e-01
5.516326889418082802e-01,5.886108368114923994e-01,8.264386438864408380e-01
5.561169034393671495e-01,5.928820807940846649e-01,8.282183746238878097e-01
5.606233112137919417e-01,5.971627644490569153e-01,8.299676582349566623e-01
5.651518006816382833e-01,6.014528340768485748e-01,8.316878265869376285e-01
5.697022541927965200e-01,6.057522426683183969e-01,8.333802167923224369e-01
5.742745483465282463e-01,6.100609499563758309e-01,8.350461701702244222e-01
5.788685543126685928e-01,6.143789224527413939e-01,8.366870312354108830e-01
5.834841381570902152e-01,6.187061334704342386e-01,8.383041467157805737e-01
5.881211611704080244e-01,6.230425631326151903e-01,8.398988645990081991e-01
5.927794801990402540e-01,6.273881983684090891e-01,8.414725332090327026e-01
5.974589479777000500e-01,6.317430328963425934e-01,8.430265003129487900e-01
6.021594134624219663e-01,6.361070671960571410e-01,8.445621122588141683e-01
6.068807221632653848e-01,6.404803084689348891e-01,8.460807131448072615e-01
6.116227164759050483e-01,6.448627705882836736e-01,8.475836440200906763e-01
6.163852360112580531e-01,6.492544740397414582e-01,8.490722421176920554e-01
6.211681179224385341e-01,6.536554458525304367e-01,8.505478401196411298e-01
6.259711972282858694e-01,6.580657195222057165e-01,8.520117654545544816e-01
6.307943071327664075e-01,6.624853349255231949e-01,8.534653396278024662e-01
6.356372793396365406e-01,6.669143382280424692e-01,8.549098775843643194e-01
6.404999443616863353e-01,6.713527817850841739e-01,8.563466871044133066e-01
6.453821318240320348e-01,6.758007240366129542e-01,8.577770682316629980e-01
6.502836707608725675e-01,6.802582293966540350e-01,8.592023127344607936e-01
6.552043899052123477e-01,6.847253681377809542e-01,8.606237035995963902e-01
6.601441179710573204e-01,6.892022162712403421e-01,8.620425145587771176e-01
6.651026839276479308e-01,6.936888554232333304e-01,8.634600096477017539e-01
6.700799172652788238e-01,6.981853727078753957e-01,8.648774427976716472e-01
6.750756482523601054e-01,7.026918605973161425e-01,8.662960574596639818e-01
6.800897081833161550e-01,7.072084167895059670e-01,8.677170862608086788e-01
6.851219296169948070e-01,7.117351440740565804e-01,8.691417506932258563e-01
6.901721466052990195e-01,7.162721501966291537e-01,8.705712608351977577e-01
6.952401949116925328e-01,7.208195477222738567e-01,8.720068151046821425e-01
7.003259122193485897e-01,7.253774538981064834e-01,8.734496000452206532e-01
7.054291383286575012e-01,7.299459905157004158e-01,8.749007901443380808e-01
7.105497153438375957e-01,7.345252837735467555e-01,8.763615476845889596e-01
7.156874878484063007e-01,7.391154641399201308e-01,8.778330226274959625e-01
7.208423030692718836e-01,7.437166662164623743e-01,8.793163525306887385e-01
7.260140110292041538e-01,7.483290286027721727e-01,8.808126624986766240e-01
7.312024646874014655e-01,7.529526937622894600e-01,8.823230651677872460e-01
7.364075200679296440e-01,7.575878078897183565e-01,8.838486607259652406e-01
7.416290363757329640e-01,7.622345207802279088e-01,8.853905369682600890e-01
7.468668760998797840e-01,7.668929857006546724e-01,8.869497693890433521e-01
7.521209051037462956e-01,7.715633592629000947e-01,8.885274213121930886e-01
7.573909927017120625e-01,7.762458012997038859e-01,8.901245440607497006e-01
7.626770117219257017e-01,7.809404747429706806e-01,8.917421771678256670e-01
7.679788385546599816e-01,7.856475455047766676e-01,8.933813486309029051e-01
7.732963531856242856e-01,7.903671823612028469e-01,8.950430752120370759e-01
7.786294392135731934e-01,7.950995568391027168e-01,8.967283627869615525e-01
7.839779838513746268e-01,7.998448431058964303e-01,8.984382067466158972e-01
7.893418779096205151e-01,8.046032178624802356e-01,9.001735924552690671e-01
7.947210157616075854e-01,8.093748602393069369e-01,9.019354957701620767e-01
8.001152952883948677e-01,8.141599516956884441e-01,9.037248836284910158e-01
8.055246178023591774e-01,8.189586759223438373e-01,9.055427147086126949e-01
8.109488879473176759e-01,8.237712187472212566e-01,9.073899401736404968e-01
8.163880135730552379e-01,8.285977680445587579e-01,9.092675045071265671e-01
8.218419055814943919e-01,8.334385136471875732e-01,9.111763464523918721e-01
8.273104777413496924e-01,8.382936472620071688e-01,9.131174000693158543e-01
8.327936464673504346e-01,8.431633623885731454e-01,9.150915959251688658e-01
8.382913305593528985e-01,8.480478542406869602e-01,9.170998624394547383e-01
8.438034508956464563e-01,8.529473196708681204e-01,9.191431274069578050e-01
8.493299300734822310e-01,8.578619570975293263e-01,9.212223197284213905e-01
8.548706919883111155e-01,8.627919664346475059e-01,9.233383713848918317e-01
8.604256613411619403e-01,8.677375490236546307e-01,9.254922197001045348e-01
8.659947630610860259e-01,8.726989075672074714e-01,9.276848099459574781e-01
8.715779216262525830e-01,8.776762460644174091e-01,9.299170983598685769e-01
8.771750602630280502e-01,8.826697697469743087e-01,9.321900556606779187e-01
8.827860999966982147e-01,8.876796850154788920e-01,9.345046711732978295e-01
8.884109585200066217e-01,8.927061993750847746e-01,9.368619577035620649e-01
8.940495488355956200e-01,8.977495213692479048e-01,9.392629573468554982e-01
8.997017776146364332e-01,9.028098605100475238e-01,9.417087484715663814e-01
9.053675431948570163e-01,9.078874272029616721e-01,9.442004541979942545e-01
9.110467331143365932e-01,9.129824326632555165e-01,9.467392528053876211e-01
9.167392210389463392e-01,9.180950888200075655e-01,9.493263906603538471e-01
9.224448628850555609e-01,9.232256082021921273e-01,9.519631984946465009e-01
9.281634918550393243e-01,9.283742037987301465e-01,9.546511122113635617e-01
9.338949119741919436e-01,9.335410888805945051e-01,9.573916999368822234e-01
9.396388895141736253e-01,9.387264767668895837e-01,9.601866978853822454e-01
9.453951413563460582e-01,9.439305805066415811e-01,9.630380589885333409e-01
9.511633187860247807e-01,9.491536124305607336e-01,9.659480205916936013e-01
9.569429842117557206e-01,9.543957834956123820e-01,9.689192016827915532e-01
9.627335764382564109e-01,9.596573022856408341e-01,9.719547479150038027e-01
9.685343563930176591e-01,9.649383734105551058e-01,9.750585582669445417e-01
9.743443171133253644e-01,9.702391947809786421e-01,9.782356610134000929e-01
9.801620222518724335e-01,9.755599525849002474e-01,9.814928884067001258e-01
9.859852827485410254e-01,9.809008109509790296e-01,9.848402278220479422e-01
9.918103923723399218e-01,9.862618868198701483e-01,9.882940173399358263e-01
9.976297010155424916e-01,9.916431678353688772e-01,9.918870935644884534e-01
1.003410877078282581e+00,9.970437826621093569e-01,9.957555575207212017e-01
