1.987250802391268381e-05,1.958680178891895828e-05,1.952928953696901807e-05
3.827496444162394366e-04,3.221486188397077420e-04,3.676830761247997111e-04
1.134793600735763694e-03,9.045588354514454057e-04,1.083122840823914131e-03
2.252877097347266884e-03,1.724200374349003787e-03,2.140898988143922609e-03
3.729991432561878886e-03,2.757497909018182154e-03,3.532415005622344725e-03
5.564534309975764995e-03,3.988077196152213857e-03,5.254707267950004153e-03
7.757575935171049167e-03,5.403376635518039768e-03,7.307653323886800084e-03
1.031175300961229523e-02,6.993183707996633580e-03,9.692828431866544817e-03
1.323071995646736901e-02,8.748870248881287712e-03,1.241293232580169964e-02
1.651884048078709408e-02,1.066294391772995218e-02,1.547146412876427256e-02
2.018099856855495172e-02,1.272876360185382777e-02,1.887252158095601567e-02
2.422247493141044955e-02,1.494034821819371917e-02,2.262066888885071875e-02
2.864886198310515400e-02,1.729224257537936502e-02,2.672084525305233604e-02
3.346600278825194452e-02,1.977942003210938354e-02,3.117829886519874263e-02
3.867994558966933449e-02,2.239720993330473683e-02,3.599853755273283579e-02
4.413233540893151535e-02,2.514124233420795065e-02,4.117106437648406642e-02
4.954342117943753149e-02,2.800740515106120779e-02,4.638427637546217036e-02
5.492457954851435314e-02,3.099181047365827738e-02,5.156818018242163154e-02
6.027961796492246199e-02,3.409076778282454229e-02,5.672671304227121930e-02
6.561183592082528437e-02,3.730076247307594073e-02,6.186329637083377159e-02
7.092411080527719069e-02,4.061538005053409034e-02,6.698092231097182991e-02
7.621896551778392648e-02,4.389291830227465968e-02,7.208222191937679879e-02
8.149862238333088760e-02,4.711578112680057245e-02,7.716951954975345696e-02
8.676504662770828658e-02,5.028659571253368127e-02,8.224487671057417737e-02
9.201998179100126518e-02,5.340774724336169038e-02,8.731012779070509988e-02
9.726497884065926636e-02,5.648141288261256804e-02,9.236690942671607618e-02
1.025014203069160024e-01,5.950959014258346697e-02,9.741668484465570987e-02
1.077305404463881067e-01,6.249412075712672959e-02,1.024607641902707256e-01
1.129534422074962297e-01,6.543671091956776431e-02,1.075003216279856177e-01
1.181711115990347893e-01,6.833894855820207836e-02,1.125364098154794101e-01
1.233844299338540118e-01,7.120231817847350042e-02,1.175699722304050510e-01
1.285941843214210289e-01,7.402821369193310352e-02,1.226018537268477870e-01
1.338010767077362773e-01,7.681794956824339327e-02,1.276328096232419718e-01
1.390057317028267625e-01,7.957277058140782566e-02,1.326635135647113717e-01
1.442087033905495586e-01,8.229386037043534552e-02,1.376945643569238431e-01
1.494104812796493154e-01,8.498234899441411971e-02,1.427264919324311154e-01
1.546114955266206237e-01,8.763931962994986336e-02,1.477597625818115601e-01
1.598121215382611315e-01,9.026581453328014204e-02,1.527947835590389158e-01
1.650126840435651721e-01,9.286284036867212266e-02,1.578319071520886963e-01
1.702134607098562402e-01,9.543137298791706802e-02,1.628714342948839600e-01
1.754146853660525085e-01,9.797236173200352116e-02,1.679136177845482747e-01
1.806165508861218849e-01,1.004867333147770603e-01,1.729586651579892720e-01
1.858192117776959473e-01,1.029753953390760146e-01,1.780067412736521248e-01
1.910227865141179704e-01,1.054392394880957207e-01,1.830579706375114191e-01
1.962273596426369338e-01,1.078791444282804490e-01,1.881124395067310939e-01
2.014329836968059007e-01,1.102959784546213295e-01,1.931701977997195840e-01
2.066396809372604837e-01,1.126906019046850504e-01,1.982312608373523743e-01
2.118474449417488414e-01,1.150638693638385002e-01,2.032956109368083131e-01
2.170562420625316014e-01,1.174166316808560595e-01,2.083631988766425081e-01
2.222660127668925067e-01,1.197497378103117849e-01,2.134339452493247413e-01
2.274766728745015731e-01,1.220640364957680246e-01,2.185077417154284718e-01
2.326881147036560238e-01,1.243603778057234821e-01,2.235844521719005384e-01
2.379002081369376298e-01,1.266396145325350275e-01,2.286639138453437914e-01
2.431128016155714167e-01,1.289026034629951745e-01,2.337459383199352869e-01
2.483257230706554797e-01,1.311502065279641083e-01,2.388303125084839662e-01
2.535387807984965658e-01,1.333832918373031029e-01,2.439167995741550743e-01
2.587517642864450851e-01,1.356027346054051730e-01,2.490051398095255997e-01
2.639644449949076765e-01,1.378094179717716805e-01,2.540950514788974379e-01
2.691765771005875663e-01,1.400042337203648846e-01,2.591862316291351775e-01
2.743878982054412941e-01,1.421880829008583258e-01,2.642783568737101518e-01
2.795981300153557725e-01,1.443618763543829120e-01,2.693710841541279155e-01
2.848069789921199857e-01,1.465265351459306975e-01,2.744640514824569499e-01
2.900141369818860504e-01,1.486829909052165277e-01,2.795568786682646745e-01
2.952192818229703586e-01,1.508321860775063694e-01,2.846491680329160112e-01
3.004220779355494808e-01,1.529750740856918867e-01,2.897405051138442489e-01
3.056221768955360574e-01,1.551126194047174056e-01,2.948304593611291713e-01
3.108192179946757117e-01,1.572457975493496973e-01,2.999185848284313671e-01
3.160128287886938558e-01,1.593755949762131752e-01,3.050044208601046525e-01
3.212026256351251940e-01,1.615030089009928671e-01,3.100874927760753907e-01
3.263882142222790383e-01,1.636290470317321166e-01,3.151673125558812072e-01
3.315691900906450051e-01,1.657547272192084198e-01,3.202433795230750779e-01
3.367451391478843425e-01,1.678810770254893781e-01,3.253151810310262460e-01
3.419156381784397847e-01,1.700091332118855991e-01,3.303821931509917098e-01
3.470802553486551090e-01,1.721399411477127217e-01,3.354438813631890892e-01
3.522385507082044787e-01,1.742745541414550681e-01,3.404997012514572319e-01
3.573900766885265701e-01,1.764140326961625427e-01,3.455490992019716878e-01
3.625343785988534573e-01,1.785594436911608907e-01,3.505915131063551127e-01
3.676709951203644411e-01,1.807118594924256305e-01,3.556263730694204095e-01
3.727994587988922026e-01,1.828723569942642957e-01,3.606531021216673460e-01
3.779192965365533174e-01,1.850420165952512408e-01,3.656711169365736702e-01
3.830300300825935644e-01,1.872219211116815663e-01,3.706798285526051728e-01
3.881311765237001055e-01,1.894131546321146942e-01,3.756786430998088067e-01
3.932222487739435723e-01,1.916168013169233242e-01,3.806669625307516625e-01
3.983027560644922804e-01,1.938339441470628421e-01,3.856441853555030441e-01
4.033722044331630174e-01,1.960656636266087660e-01,3.906097073802803910e-01
4.084300972138512620e-01,1.983130364438973614e-01,3.955629224493150686e-01
4.134759355258191826e-01,2.005771340964139782e-01,4.005032231894323780e-01
4.185092187628071114e-01,2.028590214848156603e-01,4.054300017567781800e-01
4.235294450818616330e-01,2.051597554817580771e-01,4.103426505850703010e-01
4.285361118917756507e-01,2.074803834813812586e-01,4.152405631347124149e-01
4.335287163409837219e-01,2.098219419355215609e-01,4.201231346420425949e-01
4.385067558047299197e-01,2.121854548828618903e-01,4.249897628679679129e-01
4.434697283713008864e-01,2.145719324773522896e-01,4.298398488451835586e-01
4.484171333270999260e-01,2.169823695223073723e-01,4.346727976231440360e-01
4.533484716402937376e-01,2.194177440166287796e-01,4.394880190099293982e-01
4.582632464427738861e-01,2.218790157195758561e-01,4.442849283101095725e-01
4.631609635101343048e-01,2.243671247404767644e-01,4.490629470577044979e-01
4.680411317393479709e-01,2.268829901596483567e-01,4.538215037433016019e-01
4.729032636238323373e-01,2.294275086866642277e-01,4.585600345343853745e-01
4.777468757255667886e-01,2.320015533618998704e-01,4.632779839879258010e-01
4.825714891439006338e-01,2.346059723070767489e-01,4.679748057542518214e-01
4.873766299807211211e-01,2.372415875302118504e-01,4.726499632712456989e-01
4.921618298015887905e-01,2.399091937901006166e-01,4.773029304478806911e-01
4.969266260924954381e-01,2.426095575250696301e-01,4.819331923361415693e-01
5.016705627118582811e-01,2.453434158503744467e-01,4.865402457903559852e-01
5.063931903373730670e-01,2.481114756281865841e-01,4.911236001129916651e-01
5.110940669073482656e-01,2.509144126136737540e-01,4.956827776859788481e-01
5.157727580561484171e-01,2.537528706802034129e-01,5.002173145866313231e-01
5.204288375433566705e-01,2.566274611262372440e-01,5.047267611872664483e-01
5.250618876762935816e-01,2.595387620659708738e-01,5.092106827376444711e-01
5.296714997255062007e-01,2.624873179052857330e-01,5.136686599293689426e-01
5.342572743328787288e-01,2.654736389040735500e-01,5.181002894414240556e-01
5.388188219119850464e-01,2.684982008255076269e-01,5.225051844660576483e-01
5.433557630403467176e-01,2.715614446723142450e-01,5.268829752142425438e-01
5.478677288432360903e-01,2.746637765096697770e-01,5.312333093999969114e-01
5.523543613686983100e-01,2.778055673738319964e-01,5.355558527028780880e-01
5.568153139534656182e-01,2.809871532652231108e-01,5.398502892080047078e-01
5.612502515794415281e-01,2.842088352242247984e-01,5.441163218230022913e-01
5.656588512204588914e-01,2.874708794875899254e-01,5.483536726713234000e-01
5.700408021790213109e-01,2.907735177229870960e-01,5.525620834614264343e-01
5.743958064127367980e-01,2.941169473388849931e-01,5.567413158313464505e-01
5.787235788502076428e-01,2.975013318666721029e-01,5.608911516682604237e-01
5.830238476960918348e-01,3.009268014116691647e-01,5.650113934026624873e-01
5.872963547251331962e-01,3.043934531694297840e-01,5.691018642768586044e-01
5.915408555649227518e-01,3.079013520035718821e-01,5.731624085875037800e-01
5.957571199671892748e-01,3.114505310812035743e-01,5.771928919019849724e-01
5.999449320674439257e-01,3.150409925618888884e-01,5.811932012484914978e-01
6.041040906327921345e-01,3.186727083360191837e-01,5.851632452796696748e-01
6.082344092977659544e-01,3.223456208083964047e-01,5.891029544098160819e-01
6.123357167880449925e-01,3.260596437228048261e-01,5.930122809256122007e-01
6.164078571319300259e-01,3.298146630233658172e-01,5.968911990704532933e-01
6.204506898594764897e-01,3.336105377484919754e-01,6.007397051024864210e-01
6.244640901891997942e-01,3.374471009533150934e-01,6.045578173265090394e-01
6.284479492022727598e-01,3.413241606565513009e-01,6.083455760999431083e-01
6.324021740041676498e-01,3.452415008078568714e-01,6.121030438131370710e-01
6.363266878737062759e-01,3.491988822718533614e-01,6.158303048443085626e-01
6.402214303994888667e-01,3.531960438251350864e-01,6.195274654894735722e-01
6.440863576037010318e-01,3.572327031627219318e-01,6.231946538677622938e-01
6.479214420533034868e-01,3.613085579105717038e-01,6.268320198025653101e-01
6.517266729586369545e-01,3.654232866409531377e-01,6.304397346789852863e-01
6.555020562594693345e-01,3.695765498876357191e-01,6.340179912781248595e-01
6.592476146985488672e-01,3.737679911580529257e-01,6.375670035887660569e-01
6.629633878827317917e-01,3.779972379397624205e-01,6.410870065970383225e-01
6.666494323317492254e-01,3.822639026987358357e-01,6.445782560547058671e-01
6.703058215147321697e-01,3.865675838671709941e-01,6.480410282267395905e-01
6.739326458745835691e-01,3.909078668187210281e-01,6.514756196188584703e-01
6.775300128403168864e-01,3.952843248292245426e-01,6.548823466857639497e-01
6.810980468275035227e-01,3.996965200211718416e-01,6.582615455208143951e-01
6.846368892269559803e-01,4.041440042903496899e-01,6.616135715278957941e-01
6.881466983818113059e-01,4.086263202132496275e-01,6.649387990762917200e-01
6.916276495531643587e-01,4.131430019340053827e-01,6.682376211393419307e-01
6.950799348744330919e-01,4.176935760297683653e-01,6.715104489177219360e-01
6.985037632946252684e-01,4.222775623535911516e-01,6.747577114481762006e-01
7.018993605107091138e-01,4.268944748540142164e-01,6.779798551985503074e-01
7.052669688892635458e-01,4.315438223707031562e-01,6.811773436499748424e-01
7.086068473776371279e-01,4.362251094055922818e-01,6.843506568670705281e-01
7.119192714048003801e-01,4.409378368691240224e-01,6.875002910570359171e-01
7.152045327721296974e-01,4.456815028012658941e-01,6.906267581184902804e-01
7.184629395343338221e-01,4.504556030671072464e-01,6.937305851809413282e-01
7.216948158707542360e-01,4.552596320269144958e-01,6.968123141357502881e-01
7.249005019472731792e-01,4.600930831806301913e-01,6.998725011594554291e-01
7.280803537690782035e-01,4.649554497868493841e-01,7.029117162303208932e-01
7.312347430244968693e-01,4.698462254564270135e-01,7.059305426389624882e-01
7.343640569201983492e-01,4.747649047208719053e-01,7.089295764939004263e-01
7.374686980079580012e-01,4.797109835758116003e-01,7.119094262228721215e-01
7.405490840032850075e-01,4.846839599998003512e-01,7.148707120707351592e-01
7.436056475961513312e-01,4.896833344488366602e-01,7.178140655947696791e-01
7.466388362540880008e-01,4.947086103269708324e-01,7.207401291581863045e-01
7.496491120179094025e-01,4.997592944334323106e-01,7.236495554226157756e-01
7.526369512903507974e-01,5.048348973867273770e-01,7.265430068403598840e-01
7.556028446178856273e-01,5.099349340261867258e-01,7.294211551471502242e-01
7.585472964659815132e-01,5.150589237914769969e-01,7.322846808561446208e-01
7.614708249881028124e-01,5.202063910805847513e-01,7.351342727538958677e-01
7.643739617887259641e-01,5.253768655868118476e-01,7.379706273989707910e-01
7.672572516806603904e-01,5.305698826153307790e-01,7.407944486239108617e-01
7.701212524369669410e-01,5.357849833798451478e-01,7.436064470411932747e-01
7.729665345377721986e-01,5.410217152799197127e-01,7.464073395538252109e-01
7.757936809122638611e-01,5.462796321595306814e-01,7.491978488712005557e-01
7.786032866762064852e-01,5.515582945474011289e-01,7.519787030308119347e-01
7.813959588652564792e-01,5.568572698796658837e-01,7.547506349264014869e-01
7.841723161644087448e-01,5.621761327054284330e-01,7.575143818431129272e-01
7.869329886339059277e-01,5.675144648757368682e-01,7.602706850001796912e-01
7.896786174319336826e-01,5.728718557165215497e-01,7.630202891016817368e-01
7.924098545344470113e-01,5.782479021860114088e-01,7.657639418958624988e-01
7.951273624524739514e-01,5.836422090171473620e-01,7.685023937435087049e-01
7.978318139472796444e-01,5.890543888454720101e-01,7.712363971958484665e-01
8.005238917437234036e-01,5.944840623229984411e-01,7.739667065824282766e-01
8.032042882422385510e-01,5.999308582185105543e-01,7.766940776094121146e-01
8.058737052298049486e-01,6.053944135047426567e-01,7.794192669687231012e-01
8.085328535903461011e-01,6.108743734328779817e-01,7.821430319584390389e-01
8.111824530149587265e-01,6.163703915947750245e-01,7.848661301148575076e-01
8.138232317124821646e-01,6.218821299732949504e-01,7.875893188566089886e-01
8.164559261208066410e-01,6.274092589811288700e-01,7.903133551412171443e-01
8.190812806194783802e-01,6.329514574884433920e-01,7.930389951344838373e-01
8.217000472440970649e-01,6.385084128396809611e-01,7.957669938930779230e-01
8.243129854030635251e-01,6.440798208598071950e-01,7.984981050607086184e-01
8.269208615972651888e-01,6.496653858502737799e-01,8.012330805782700294e-01
8.295244491433136913e-01,6.552648205749403987e-01,8.039726704083350883e-01
8.321245279010124341e-01,6.608778462361649675e-01,8.067176222744100178e-01
8.347218840057425426e-01,6.665041924412359320e-01,8.094686814153522203e-01
8.373173096065303911e-01,6.721435971593059389e-01,8.122265903553849142e-01
8.399116026106266952e-01,6.777958066689111494e-01,8.149920886901634853e-01
8.425055664354484941e-01,6.834605754961616819e-01,8.177659128893730589e-01
8.451000097688456947e-01,6.891376663436251659e-01,8.205487961163776545e-01
8.476957463387415626e-01,6.948268500098604417e-01,8.233414680654810303e-01
8.502935946932269617e-01,7.005279052995539990e-01,8.261446548174155025e-01
8.528943779923751078e-01,7.062406189241003940e-01,8.289590787137209871e-01
8.554989238130993323e-01,7.119647853924420122e-01,8.317854582507782091e-01
8.581080639685314537e-01,7.177002068918996169e-01,8.346245079943087619e-01
8.607226343435702143e-01,7.234466931586355232e-01,8.374769385152890377e-01
8.633434747483921257e-01,7.292040613373204083e-01,8.403434563483181963e-01
8.659714287919548781e-01,7.349721358294564189e-01,8.432247639736289990e-01
8.686073437777220851e-01,7.407507481297043173e-01,8.461215598240979796e-01
8.712520706241642099e-01,7.465397366494129772e-01,8.490345383187877237e-01
8.739064638128444251e-01,7.523389465264171960e-01,8.519643899247945074e-01
8.765713813673345900e-01,7.581482294199696215e-01,8.549118012494260066e-01
8.792476848665717881e-01,7.639674432894826284e-01,8.578774551650559799e-01
8.819362394968672803e-01,7.697964521554970796e-01,8.608620309693674200e-01
8.846379141472830998e-01,7.756351258410227878e-01,8.638662045841397630e-01
8.873535815538902138e-01,7.814833396910494390e-01,8.668906487962534380e-01
8.900841184992618338e-01,7.873409742676248380e-01,8.699360335452219761e-01
8.928304060745312354e-01,7.932079150174294879e-01,8.730030262623044157e-01
8.955933300126653895e-01,7.990840519081712223e-01,8.760922922671682267e-01
8.983737811030275688e-01,8.049692790294685762e-01,8.792044952291672155e-01
9.011726556991360715e-01,8.108634941530161733e-01,8.823402977016484572e-01
9.039908563338164837e-01,8.167665982457892326e-01,8.855003617393351067e-01
9.068292924585467096e-01,8.226784949288068471e-01,8.886853496108645389e-01
9.096888813273567020e-01,8.285990898723513132e-01,8.918959246210721448e-01
9.125705490497082462e-01,8.345282901166237721e-01,8.951327520607359478e-01
9.154752318422695323e-01,8.404660033043028777e-01,8.983965003054500409e-01
9.184038775160313639e-01,8.464121368084015495e-01,9.016878420902629809e-01
9.213574472440123619e-01,8.523665967347701100e-01,9.050074559931242657e-01
9.243369176657311170e-01,8.583292867734947373e-01,9.083560281683670246e-01
9.273432833990803426e-01,8.643001068667188758e-01,9.117342543821663758e-01
9.303775600491948072e-01,8.702789516516189483e-01,9.151428424159820940e-01
9.334407878290281735e-01,8.762657086255624117e-01,9.185825149226732877e-01
9.365340359402659631e-01,8.822602559646780529e-01,9.220540128451770734e-01
9.396584079094065789e-01,8.882624599055634063e-01,9.255580995419955270e-01
9.428150481377611802e-01,8.942721715700144847e-01,9.290955658113245752e-01
9.460051500141598568e-01,9.002892230706562859e-01,9.326672360726401267e-01
9.492299660679458517e-01,9.063134226751770051e-01,9.362739760605190975e-01
9.524908208281607225e-01,9.123445487188115433e-01,9.399167025258103880e-01
9.557891273361561746e-01,9.183823418230515623e-01,9.435963956489857862e-01
9.591264086899148333e-01,9.244264947766249740e-01,9.473141151921425918e-01
9.625043266783656071e-01,9.304766391159612349e-01,9.510710219235763985e-01
9.659247206720530388e-01,9.365323269222406433e-01,9.548684066764746570e-01
9.693896618135918741e-01,9.425930054703071104e-01,9.587077308058243874e-01
9.729015308771570281e-01,9.486579808006735393e-01,9.625906842942061337e-01
9.764631343861108759e-01,9.547263633579511355e-01,9.665192724101555610e-01
9.800778860025703976e-01,9.607969829844112963e-01,9.704959511227834179e-01
9.837501071552342546e-01,9.668682478442048867e-01,9.745238516625792657e-01
9.874855659347009373e-01,9.729378911326210799e-01,9.786071833762689520e-01
9.912925549318633012e-01,9.790024635648907347e-01,9.827520402314581238e-01
9.951844367618675191e-01,9.850561324400824992e-01,9.869683075806084949e-01
9.991877145603359489e-01,9.910868658876380577e-01,9.912757148211680525e-01
1.003410877078282581e+00,9.970437826621093569e-01,9.957555575207212017e-01
