1.987250802391268381e-05,1.958680178891895828e-05,1.952928953696901807e-05
3.645902073493363540e-04,3.397407669113042066e-04,2.678359205085340477e-04
1.067455677173287636e-03,9.708951466850238759e-04,7.032871128106539700e-04
2.103814082616187187e-03,1.874049084283053437e-03,1.273063358209902554e-03
3.467051584158713229e-03,3.027899312256381471e-03,1.946316820416655637e-03
5.157263742604605017e-03,4.417468472389743557e-03,2.701307923568635645e-03
7.178181711181517814e-03,6.030975105853652284e-03,3.521425511903135235e-03
9.535867833068254959e-03,7.858515298943269389e-03,4.393402576525981713e-03
1.223803648334579816e-02,9.891389571403083267e-03,5.306357287284311185e-03
1.529365239914744212e-02,1.212171718950919540e-02,6.251216620304853901e-03
1.871267069635802402e-02,1.454219746703761147e-02,7.220342052071383916e-03
2.250585658232081426e-02,1.714595377297597339e-02,8.207272083467977153e-03
2.668465321062892665e-02,1.992642748562588675e-02,9.206537000991610320e-03
3.126108025992858919e-02,2.287730380407292791e-02,1.021352069330986809e-02
3.624765299665305696e-02,2.599245878545802801e-02,1.122435443448177410e-02
4.162684038076534115e-02,2.926592103765347785e-02,1.223583315470061147e-02
4.706142799254007386e-02,3.269184383510435887e-02,1.324534800912999417e-02
5.249394516850350995e-02,3.626448483508495912e-02,1.425083107206487863e-02
5.792824539393282707e-02,3.997819145481464054e-02,1.525070926672331302e-02
6.336759610429520961e-02,4.369316683090977010e-02,1.624386548354465193e-02
6.881477293344431811e-02,4.733235036874975515e-02,1.722960540840317092e-02
7.427213460771145415e-02,5.090476361695873281e-02,1.820762897491457269e-02
7.974168323548261328e-02,5.441282461817161659e-02,1.917800563197191374e-02
8.522511340971697380e-02,5.785869961154611191e-02,2.014115281648469133e-02
9.072385262388069083e-02,6.124434169865857619e-02,2.109781716630288254e-02
9.623909485876966374e-02,6.457152275853000889e-02,2.204905811552975922e-02
1.017718287391973231e-01,6.784186001791558951e-02,2.299623359466412484e-02
1.073228613275863941e-01,7.105683834837112078e-02,2.394098761868702907e-02
1.128928383778088906e-01,7.421782911597551990e-02,2.488523959250047227e-02
1.184822616914216198e-01,7.732610622694324753e-02,2.583117519871565293e-02
1.240915040821257975e-01,8.038285987497270635e-02,2.678123876031137177e-02
1.297208223505882663e-01,8.338920839169342014e-02,2.773812699207677326e-02
1.353703685921148203e-01,8.634620852131338897e-02,2.870478407143008809e-02
1.410402000978804582e-01,8.925486437834709297e-02,2.968439797222713339e-02
1.467302880620976191e-01,9.211613529861964467e-02,3.068039801533511274e-02
1.524405252693811774e-01,9.493094275536503868e-02,3.169645359765835280e-02
1.581707329062622402e-01,9.770017648172416025e-02,3.273647406741136273e-02
1.639206666165513859e-01,1.004246999165240573e-01,3.380460971811392878e-02
1.696900219006742538e-01,1.031053550705397781e-01,3.490525387728724005e-02
1.754784389432562375e-01,1.057429668944506185e-01,3.604304606838573677e-02
1.812855069402538599e-01,1.083383472166716266e-01,3.722287622626329479e-02
1.871107679863082407e-01,1.108922983085098291e-01,3.844988994757399942e-02
1.929537205742056782e-01,1.134056161252440798e-01,3.972949475804273683e-02
1.988138227510338751e-01,1.158790932643643801e-01,4.105429128204422101e-02
2.046904949695518283e-01,1.183135216760504427e-01,4.240735004515989309e-02
2.105831226681736390e-01,1.207096951558029041e-01,4.380063826372777164e-02
2.164910586086936650e-01,1.230684116447663401e-01,4.523767688608402310e-02
2.224136249972249457e-01,1.253904753595766475e-01,4.672188663750367205e-02
2.283501154107576703e-01,1.276766987703912559e-01,4.825658163304347853e-02
2.342997965490942747e-01,1.299279044430435293e-01,4.984496346481730872e-02
2.402619098296766009e-01,1.321449267589074328e-01,5.149011589243444181e-02
2.462356728408734430e-01,1.343286135240242818e-01,5.319500024674234800e-02
2.522202806676347997e-01,1.364798274772621167e-01,5.496245163575142617e-02
2.582149071019588238e-01,1.385994477057167218e-01,5.679517601837581059e-02
2.642187057493780578e-01,1.406883709741841293e-01,5.869574818721560311e-02
2.702308110415540532e-01,1.427475129743216442e-01,6.066661067688811776e-02
2.762503391641323303e-01,1.447778094980162744e-01,6.271007359028488160e-02
2.822763889081559840e-01,1.467802175385125307e-01,6.482831531240410006e-02
2.883080424526047181e-01,1.487557163219742351e-01,6.702338406082883338e-02
2.943443660849658916e-01,1.507053082713643577e-01,6.929720020409604886e-02
3.003844108661798407e-01,1.526300199038097549e-01,7.165155926456651114e-02
3.064272132457802611e-01,1.545309026619680615e-01,7.408813551124410202e-02
3.124717956325987478e-01,1.564090336793240721e-01,7.660848604039754983e-02
3.185171669260010718e-01,1.582655164788039082e-01,7.921405523774069368e-02
3.245623230122568481e-01,1.601014816036044897e-01,8.190617951513828876e-02
3.306062472303176736e-01,1.619180871786983777e-01,8.468609221698314427e-02
3.366479108109997065e-01,1.637165194010653801e-01,8.755492859615254808e-02
3.426862732932864364e-01,1.654979929563559216e-01,9.051373076632485137e-02
3.487202829212492361e-01,1.672637513593656644e-01,9.356345254595258010e-02
3.547488770248594103e-01,1.690150672154289158e-01,9.670496411885856625e-02
3.607709823877737199e-01,1.707532423996077076e-01,9.993905644681438938e-02
3.667855156050092713e-01,1.724796081503530421e-01,1.032664453801452886e-01
3.727913834332458043e-01,1.741955250741773487e-01,1.066877754230519115e-01
3.787874831363752248e-01,1.759023830577612912e-01,1.102036231206363903e-01
3.847727028287548090e-01,1.776016010838719072e-01,1.138145000443498145e-01
3.907459218185349026e-01,1.792946269474479104e-01,1.175208553615550711e-01
3.967060109532826728e-01,1.809829368682584483e-01,1.213230779830287986e-01
4.026518329700597421e-01,1.826680349966240680e-01,1.252214982894142847e-01
4.085822428519892413e-01,1.843514528088404381e-01,1.292163894438997096e-01
4.144960881932758245e-01,1.860347483891421072e-01,1.333079683036935970e-01
4.203922095745667997e-01,1.877195055952942671e-01,1.374963959472998432e-01
4.262694409504451665e-01,1.894073331052255893e-01,1.417817778381538774e-01
4.321266100508150410e-01,1.910998633424662863e-01,1.461641636479950046e-01
4.379625387978366979e-01,1.927987512785972191e-01,1.506435467654608784e-01
4.437760437400383173e-01,1.945056731113855297e-01,1.552198635168937080e-01
4.495659365051570266e-01,1.962223248178266988e-01,1.598929921273299359e-01
4.553310242732216406e-01,1.979504205818932716e-01,1.646627514501807499e-01
4.610701102713317678e-01,1.996916910974273485e-01,1.695288994942649174e-01
4.667819942915416020e-01,2.014478817472974415e-01,1.744911317767215697e-01
4.724654732332118079e-01,2.032207506606600322e-01,1.795490795299358455e-01
4.781193416711517208e-01,2.050120666509035461e-01,1.847023077900412646e-01
4.837423924508286732e-01,2.068236070376587299e-01,1.899503133938363619e-01
4.893334173118722430e-01,2.086571553570245041e-01,1.952925229101317162e-01
4.948912075410773492e-01,2.105144989649936349e-01,2.007282905306503884e-01
5.004145546560482272e-01,2.123974265398503869e-01,2.062568959446530736e-01
5.059022511205950590e-01,2.143077254901205597e-01,2.118775422205016468e-01
5.113530910929564577e-01,2.162471792754357414e-01,2.175893537163929303e-01
5.167658712078589955e-01,2.182175646484176834e-01,2.233913740415202631e-01
5.221393913934034847e-01,2.202206488263991346e-01,2.292825640879596061e-01
5.274724557237000511e-01,2.222581866024680441e-01,2.352618001526260438e-01
5.327638733081360156e-01,2.243319174059047461e-01,2.413278721677190597e-01
5.380124592180999255e-01,2.264435623226295213e-01,2.474794820571603049e-01
5.432170354519382238e-01,2.285948210867153052e-01,2.537152422356335202e-01
5.483764319388495512e-01,2.307873690543961187e-01,2.600336742659542510e-01
5.534894875823629379e-01,2.330228541722755842e-01,2.664332076896292478e-01
5.585550513439730969e-01,2.353028939516165763e-01,2.729121790445954709e-01
5.635719833674374124e-01,2.376290724606751059e-01,2.794688310832704747e-01
5.685391561441384134e-01,2.400029373470205507e-01,2.861013122031794143e-01
5.734554557198520142e-01,2.424259969016585581e-01,2.928076761015453999e-01
5.783197829431464543e-01,2.448997171765627257e-01,2.995858816643526268e-01
5.831310547555309531e-01,2.474255191668974785e-01,3.064337930994716630e-01
5.878882055233835002e-01,2.500047760688135501e-01,3.133491803225321171e-01
5.925901884115323259e-01,2.526388106232206887e-01,3.203297196032570127e-01
5.972359767982610146e-01,2.553288925553705568e-01,3.273729944790111368e-01
6.018245657313535668e-01,2.580762361194723353e-01,3.344764969412982181e-01
6.063549734246485023e-01,2.608819977568790360e-01,3.416376288999095623e-01
6.108262427944045614e-01,2.637472738756800883e-01,3.488537039283515773e-01
6.152374430346146950e-01,2.666730987587674906e-01,3.561219492930759456e-01
6.195876712302188505e-01,2.696604426066951943e-01,3.634395082679042766e-01
6.238760540069737681e-01,2.727102097208700671e-01,3.708034427338692818e-01
6.281017492165217320e-01,2.758232368318440098e-01,3.782107360635029725e-01
6.322639476550115933e-01,2.790002915767230696e-01,3.856582962873871256e-01
6.363618748133694769e-01,2.822420711289715389e-01,3.931429595395370957e-01
6.403947926571031957e-01,2.855492009831970823e-01,4.006614937769387152e-01
6.443620014332651635e-01,2.889222338968294168e-01,4.082106027672887105e-01
6.482628415019610069e-01,2.923616489899906745e-01,4.157869303377232373e-01
6.520966951895218466e-01,2.958678510042682674e-01,4.233870648760419964e-01
6.558629886601803349e-01,2.994411697206042500e-01,4.310075440746792275e-01
6.595611938028551613e-01,3.030818595359926482e-01,4.386448599064293741e-01
6.631908301293246710e-01,3.067900991982958070e-01,4.462954638197049184e-01
6.667514666798316503e-01,3.105659916980725299e-01,4.539557721399277157e-01
6.702427239318589081e-01,3.144095643159945941e-01,4.616221716624968052e-01
6.736642757075562704e-01,3.183207688241116995e-01,4.692910254216818289e-01
6.770158510749930691e-01,3.222994818389808835e-01,4.769586786187466898e-01
6.802972362381790594e-01,3.263455053244231907e-01,4.846214646916339741e-01
6.835082764105069320e-01,3.304585672414551700e-01,4.922757115076392131e-01
6.866488776660049087e-01,3.346383223427806808e-01,4.999177476596878278e-01
6.897190087625825194e-01,3.388843531089961170e-01,5.075439088460866888e-01
6.927187029311733246e-01,3.431961708235299335e-01,5.151505443130067752e-01
6.956480596244949410e-01,3.475732167831386277e-01,5.227340233384064616e-01
6.985072462189334530e-01,3.520148636406073561e-01,5.302907417356967912e-01
7.012964996628768821e-01,3.565204168761244574e-01,5.378171283551292925e-01
7.040161280646715092e-01,3.610891163935974757e-01,5.453096515607104289e-01
7.066665122132292920e-01,3.657201382379729471e-01,5.527648256603621135e-01
7.092481070242037111e-01,3.704125964294081030e-01,5.601792172671175019e-01
7.117614429045753255e-01,3.751655449099012829e-01,5.675494515692991460e-01
7.142071270284192641e-01,3.799779795977394903e-01,5.748722184879423436e-01
7.165858445165974588e-01,3.848488405448783345e-01,5.821442787001471775e-01
7.188983595131448467e-01,3.897770141920706699e-01,5.893624695075816433e-01
7.211455161511113321e-01,3.947613357163204384e-01,5.965237105300255083e-01
7.233282394007272131e-01,3.998005914649230830e-01,6.036250092046243632e-01
7.254475357928326096e-01,4.048935214700981611e-01,6.106634660723981867e-01
7.275044940106594193e-01,4.100388220379201920e-01,6.176362798345474969e-01
7.295002853432184242e-01,4.152351484050028074e-01,6.245407521621777480e-01
7.314361639937229098e-01,4.204811174561184361e-01,6.313742922442255878e-01
7.333134672367674911e-01,4.257753104956955026e-01,6.381344210596388011e-01
7.351336154181741245e-01,4.311162760659216220e-01,6.448187753611626105e-01
7.368981117918008694e-01,4.365025328039673358e-01,6.514251113594735632e-01
7.386085421878763047e-01,4.419325723306909426e-01,6.579513080978337536e-01
7.402665745078259585e-01,4.474048621630460354e-01,6.643953705089006290e-01
7.418739580409604573e-01,4.529178486422892891e-01,6.707554321468335301e-01
7.434325225988016594e-01,4.584699598700516243e-01,6.770297575893480246e-01
7.449441774633142055e-01,4.640596086442870249e-01,6.832167445058980881e-01
7.464109101457814255e-01,4.696851953871314378e-01,6.893149253896783124e-01
7.478347849535992298e-01,4.753451110567663007e-01,6.953229689526604362e-01
7.492179413628178297e-01,4.810377400354714506e-01,7.012396811843356614e-01
7.505625921948216872e-01,4.867614629861969910e-01,7.070640060763100365e-01
7.518710215961785792e-01,4.925146596701537871e-01,7.127950260162898566e-01
7.531455828212706427e-01,4.982957117181625040e-01,7.184319618563473897e-01
7.543886958180491265e-01,5.041030053487380869e-01,7.239741726616607531e-01
7.556028446178856273e-01,5.099349340261867258e-01,7.294211551471502242e-01
7.567905745312099031e-01,5.157899010523341321e-01,7.347725428105728041e-01
7.579544891513747551e-01,5.216663220858491767e-01,7.400281047717413019e-01
7.590972471699507507e-01,5.275626275834990331e-01,7.451877443284958824e-01
7.602215590073565510e-01,5.334772651581389802e-01,7.502514972409936034e-01
7.613301832636311106e-01,5.394087018485845819e-01,7.552195297566711707e-01
7.624259229948561201e-01,5.453554262970545796e-01,7.600921363889776572e-01
7.635116218216332351e-01,5.513159508302596379e-01,7.648697374635907709e-01
7.645901598768165552e-01,5.572888134407339988e-01,7.695528764463837046e-01
7.656644496005347023e-01,5.632725796654654005e-01,7.741422170678221581e-01
7.667374313914158135e-01,5.692658443593550111e-01,7.786385402588510418e-01
7.678120691237411144e-01,5.752672333615332922e-01,7.830427409135690686e-01
7.688913455410982811e-01,5.812754050530203331e-01,7.873558244941568640e-01
7.699782575379433558e-01,5.872890518047002573e-01,7.915789034936208113e-01
7.710758113412893300e-01,5.933069013150228388e-01,7.957131937718997516e-01
7.721870176055252166e-01,5.993277178373032088e-01,7.997600107808152670e-01
7.733148864341352624e-01,6.053503032969099751e-01,8.037207656931866229e-01
7.744624223428149268e-01,6.113734982990528533e-01,8.075969614512232830e-01
7.756326191791473867e-01,6.173961830282641561e-01,8.113901887490067022e-01
7.768284550146453693e-01,6.234172780410472958e-01,8.151021219635482540e-01
7.780528870255452034e-01,6.294357449534958571e-01,8.187345150485124678e-01
7.793088463791603138e-01,6.354505870260502842e-01,8.222891974042370045e-01
7.805992331431407250e-01,6.414608496477970379e-01,8.257680697372279388e-01
7.819269112351929785e-01,6.474656207230513605e-01,8.291730999217639120e-01
7.832947034311494861e-01,6.534640309631668531e-01,8.325063188757119148e-01
7.847053864493096498e-01,6.594552540867721913e-01,8.357698164620858128e-01
7.861616861291218505e-01,6.654385069317904078e-01,8.389657374272789792e-01
7.876662727220381521e-01,6.714130494828155493e-01,8.420962773863189810e-01
7.892217563122851942e-01,6.773781848175283171e-01,8.451636788648720922e-01
7.908306823848481049e-01,6.833332589759743003e-01,8.481702274071140080e-01
7.924955275575722435e-01,6.892776607566190039e-01,8.511182477579962713e-01
7.942186954936264476e-01,6.952108214431725886e-01,8.540101001278130877e-01
7.960025130098573598e-01,7.011322144662290867e-01,8.568481765464142086e-01
7.978492263957075448e-01,7.070413550038012751e-01,8.596348973138263627e-01
7.997609979563468086e-01,7.129377995248480371e-01,8.623727075535162490e-01
8.017399027925780075e-01,7.188211452798802803e-01,8.650640738739964197e-01
8.037879258288376239e-01,7.246910297427199277e-01,8.677114811440093112e-01
8.059069590992569143e-01,7.305471300074517504e-01,8.703174293860630462e-01
8.080987993003103664e-01,7.363891621445622926e-01,8.728844307926919566e-01
8.103651456170898326e-01,7.422168805201758701e-01,8.754150068694583897e-01
8.127075978285343005e-01,7.480300770822869705e-01,8.779116857083953951e-01
8.151276546954061564e-01,7.538285806177218440e-01,8.803769993953516337e-01
8.176267126329426205e-01,7.596122559835736254e-01,8.828134815544974590e-01
8.202060646684582457e-01,7.653810033166721372e-01,8.852236650331581913e-01
8.228668996822973147e-01,7.711347572246232129e-01,8.876100797300859879e-01
8.256103019287873712e-01,7.768734859618146027e-01,8.899752505703613092e-01
8.284372508320101414e-01,7.825971905936934814e-01,8.923216956302568725e-01
8.313486210493891138e-01,7.883059041525379840e-01,8.946519244157011830e-01
8.343451827943783039e-01,7.939996907878138499e-01,8.969684362983872949e-01
8.374276024076753311e-01,7.996786449141621844e-01,8.992737191141587649e-01
8.405964431647395818e-01,8.053428903599323396e-01,9.015702479290925719e-01
8.438521663056405275e-01,8.109925795191275100e-01,9.038604839796968715e-01
8.471951322715488564e-01,8.166278925095542540e-01,9.061468737949220920e-01
8.506256021305426129e-01,8.222490363399168611e-01,9.084318485093224593e-01
8.541437391736690365e-01,8.278562440885550711e-01,9.107178233787232013e-01
8.577496106604505233e-01,8.334497740965308710e-01,9.130071975123110750e-01
8.614431896912194686e-01,8.390299091777516649e-01,9.153023538382465407e-01
8.652243571816935486e-01,8.445969558488906070e-01,9.176056593239262371e-01
8.690929039130039779e-01,8.501512435819287283e-01,9.199194654770442847e-01
8.730485326279388003e-01,8.556931240822787110e-01,9.222461091600180350e-01
8.770908601411988581e-01,8.612229705956342407e-01,9.245879137584471774e-01
8.812194194279033832e-01,8.667411772469577613e-01,9.269471907547190970e-01
8.854336616501670143e-01,8.722481584153677359e-01,9.293262417713363810e-01
8.897329580758905898e-01,8.777443481491511434e-01,9.317273611660957799e-01
8.941166018366116797e-01,8.832301996257594379e-01,9.341528392844090645e-01
8.985838094615582472e-01,8.887061846624574324e-01,9.366049665048202799e-01
9.031337221121574776e-01,8.941727932843454019e-01,9.390860382553373187e-01
9.077654064235404219e-01,8.996305333579364127e-01,9.415983612348863829e-01
9.124778548354262053e-01,9.050799303002795559e-01,9.441442611528210183e-01
9.172699852606072124e-01,9.105215268761617242e-01,9.467260924101771336e-01
9.221406398908102986e-01,9.159558830992849954e-01,9.493462503052009227e-01
9.270885828692557729e-01,9.213835762578795885e-01,9.520071865781071230e-01
9.321124964547055081e-01,9.268052010916032479e-01,9.547114294577804250e-01
9.372109751429994473e-01,9.322213701554872278e-01,9.574616099068241626e-01
9.423825169639972188e-01,9.376327144194682717e-01,9.602604966042002088e-01
9.476255107714915971e-01,9.430398841706827406e-01,9.631110435804951520e-01
9.529382176731090448e-01,9.484435503135414391e-01,9.660164567543504388e-01
9.583187435726275849e-01,9.538444062051504302e-01,9.689802897591496267e-01
9.637649976271339680e-01,9.592431702304701213e-01,9.720065872036208754e-01
9.692746271414237613e-01,9.646405894290249750e-01,9.751001090217074063e-01
9.748449102598936156e-01,9.700374446606591095e-01,9.782667032633379778e-01
9.804725660038223767e-01,9.754345580799382853e-01,9.815139761322487777e-01
9.861533811907058356e-01,9.808328040670662995e-01,9.848526358027077654e-01
9.918813495205384134e-01,9.862331245804843993e-01,9.882996750546272358e-01
9.976460187266081858e-01,9.916365407564450285e-01,9.918884914240176931e-01
1.003410877078282581e+00,9.970437826621093569e-01,9.957555575207212017e-01
