1.987250802391268381e-05,1.958680178891895828e-05,1.952928953696901807e-05
3.342534024869111631e-04,3.391407409312764383e-04,3.882412196456374513e-04
9.487883263712815598e-04,9.694039307429021040e-04,1.165339871247756494e-03
1.826547185726045850e-03,1.872175238397530677e-03,2.336009447992263947e-03
2.950237278103871614e-03,3.027022583641758059e-03,3.900684870098854694e-03
4.310266742035733303e-03,4.419877231897149927e-03,5.864792227604542600e-03
5.901349345959132180e-03,6.039881825736591499e-03,8.236190211750701179e-03
7.721039633202228351e-03,7.878056450008587286e-03,1.102413989186554200e-02
9.768967607788307458e-03,9.926613225746071939e-03,1.423878863223576076e-02
1.204638965601367850e-02,1.217856028611691982e-02,1.789087205540549133e-02
1.455590326265659117e-02,1.462745405193971102e-02,2.199152235889255749e-02
1.730125487313363686e-02,1.726723518503071528e-02,2.655213360154371274e-02
2.028720445844892084e-02,2.009211527006231693e-02,3.158425957466434036e-02
2.351942641802796594e-02,2.309649602858879214e-02,3.709953118939120220e-02
2.700443470628572859e-02,2.627491037299587925e-02,4.301642321845985245e-02
3.074952460404423854e-02,2.962197869708155587e-02,4.893742652938496557e-02
3.476272619121131141e-02,3.313237615511002016e-02,5.483964712844039552e-02
3.905276618040347952e-02,3.680080810112481421e-02,6.072644255111337569e-02
4.350680922430979342e-02,4.061886507087558024e-02,6.660052704682598024e-02
4.794959317274564287e-02,4.440570290927414038e-02,7.246407800241572161e-02
5.239522035251379523e-02,4.812617837573073681e-02,7.831881850671201795e-02
5.684798953433118501e-02,5.178272020022924721e-02,8.416608233019060026e-02
6.131178824612421724e-02,5.537744818802215613e-02,9.000686573604627094e-02
6.579014141737127286e-02,5.891222167023032336e-02,9.584186929022589507e-02
7.028625113809486291e-02,6.238867935030648765e-02,1.016715319809145535e-01
7.480302948286243758e-02,6.580827241600967215e-02,1.074960593587352964e-01
7.934312586886277385e-02,6.917229232331939537e-02,1.133154469828251965e-01
8.390895006788592903e-02,7.248189432325066739e-02,1.191295001502780393e-01
8.850269173509614506e-02,7.573811755618350960e-02,1.249378506611428241e-01
9.312633712603590741e-02,7.894190235508180553e-02,1.307399712040297757e-01
9.778168352895155735e-02,8.209410526107513428e-02,1.365351878219004389e-01
1.024703518295844440e-01,8.519551214993834054e-02,1.423226908223609033e-01
1.071937975409287813e-01,8.824684978735644614e-02,1.481015444237031575e-01
1.119533205647681162e-01,9.124879606827249190e-02,1.538706953713284420e-01
1.167500739003692611e-01,9.420198914662036849e-02,1.596289807149215978e-01
1.215850714751222084e-01,9.710703562307454462e-02,1.653751349018244554e-01
1.264591952396860453e-01,9.996451792767205302e-02,1.711077963142628444e-01
1.313732016444265627e-01,1.027750010095066779e-01,1.768255133557905812e-01
1.363277275931921995e-01,1.055390384257932357e-01,1.825267501742733334e-01
1.413232959537129296e-01,1.082571779064339657e-01,1.882098920940320497e-01
1.463603206902739928e-01,1.109299664570108923e-01,1.938732508176778946e-01
1.514391116731931275e-01,1.135579550522654024e-01,1.995150694481561127e-01
1.565598792104852810e-01,1.161417029631597875e-01,2.051335273731587083e-01
1.617227383395977158e-01,1.186817817531582442e-01,2.107267450470298176e-01
1.669277129108696356e-01,1.211787789731575693e-01,2.162927886993205595e-01
1.721747394892073901e-01,1.236333015792963619e-01,2.218296749940497081e-01
1.774636710961823849e-01,1.260459790934983226e-01,2.273353756593338160e-01
1.827942808111542861e-01,1.284174665229340651e-01,2.328078221032399697e-01
1.881662652470069141e-01,1.307484470514859443e-01,2.382449100283796639e-01
1.935792479135680921e-01,1.330396345136766745e-01,2.436445040548340102e-01
1.990327824796196410e-01,1.352917756593262077e-01,2.490044423584044653e-01
2.045263559426042654e-01,1.375056522153439709e-01,2.543225413288696113e-01
2.100593917135981648e-01,1.396820827495106609e-01,2.595966002508726111e-01
2.156312526237900151e-01,1.418219243398139984e-01,2.648244060081947904e-01
2.212412438576014106e-01,1.439260740518427395e-01,2.700037378105156205e-01
2.268886158166107947e-01,1.459954702258827730e-01,2.751323719402421486e-01
2.325725669176256782e-01,1.480310935746821377e-01,2.802080865156448830e-01
2.382922463275327640e-01,1.500339680923350461e-01,2.852286662653014115e-01
2.440467566369494690e-01,1.520051617743646555e-01,2.901919073077680045e-01
2.498351564741807529e-01,1.539457871488481844e-01,2.950956219293993654e-01
2.556564630605328570e-01,1.558570016183107310e-01,2.999376433523837093e-01
2.615096547076505851e-01,1.577400076121204531e-01,3.047158304842820797e-01
2.673936732572309571e-01,1.595960525492108040e-01,3.094280726397043435e-01
2.733074264631850103e-01,1.614264286111647129e-01,3.140722942241881976e-01
2.792497903160960360e-01,1.632324723259849786e-01,3.186464593698818404e-01
2.852196113096476249e-01,1.650155639632427396e-01,3.231485765122528164e-01
2.912157086485379631e-01,1.667771267417592074e-01,3.275767028967724315e-01
2.972368763972986772e-01,1.685186258514939639e-01,3.319289490043294544e-01
3.032818855693619198e-01,1.702415672918991263e-01,3.362034828840376188e-01
3.093494861556609909e-01,1.719474965296562408e-01,3.403985343820753462e-01
3.154384090920450134e-01,1.736379969794057676e-01,3.445123992552880376e-01
3.215473681647943449e-01,1.753146883118240074e-01,3.485434431584273907e-01
3.276750618535465565e-01,1.769792245941930742e-01,3.524901054941534384e-01
3.338201751110002058e-01,1.786332922694136849e-01,3.563509031152328754e-01
3.399813810788451240e-01,1.802786079802446983e-01,3.601244338687669688e-01
3.461573427394364910e-01,1.819169162464079892e-01,3.638093799727497024e-01
3.523467145028608694e-01,1.835499870030276315e-01,3.674045112157744986e-01
3.585481437291400675e-01,1.851796130097291271e-01,3.709086879713241469e-01
3.647602721854598107e-01,1.868076071405359584e-01,3.743208640187118963e-01
3.709817374384566380e-01,1.884357995654881712e-01,3.776400891634636992e-01
3.772111741817282260e-01,1.900660348356745244e-01,3.808655116506740601e-01
3.834472154988953774e-01,1.917001688840570539e-01,3.839963803656766816e-01
3.896884940627149962e-01,1.933400659551029743e-01,3.870320468171894457e-01
3.959336432708762676e-01,1.949875954768193753e-01,3.899719668989706234e-01
4.021812983192909474e-01,1.966446288892514938e-01,3.928157024269016695e-01
4.084300972138512620e-01,1.983130364438973614e-01,3.955629224493150686e-01
4.146786817217691934e-01,1.999946839887862815e-01,3.982134043293057979e-01
4.209256982637737954e-01,2.016914297541287371e-01,4.007670345986844573e-01
4.271697987485843506e-01,2.034051211535249926e-01,4.032238095841398362e-01
4.334096413512204538e-01,2.051375916156340518e-01,4.055838358071009453e-01
4.396438912368317853e-01,2.068906574610389626e-01,4.078473301596749478e-01
4.458712212318567958e-01,2.086661148387176090e-01,4.100146198599192715e-01
4.520903124444290433e-01,2.104657367360909803e-01,4.120861421905525623e-01
4.582998548360496804e-01,2.122912700760564153e-01,4.140624440260309291e-01
4.644985477466315182e-01,2.141444329137262570e-01,4.159441811537009093e-01
4.706851003750889828e-01,2.160269117447960463e-01,4.177321173954828271e-01
4.768582322177412069e-01,2.179403589365541682e-01,4.194271235372367679e-01
4.830166734667994954e-01,2.198863902915548230e-01,4.210301760736128718e-01
4.891591653713059373e-01,2.218665827528740753e-01,4.225423557767918892e-01
4.952844605628707320e-01,2.238824722587273719e-01,4.239648460980604550e-01
5.013913233486047005e-01,2.259355517530050594e-01,4.252989314116501496e-01
5.074785299736385147e-01,2.280272693570249420e-01,4.265459951107109515e-01
5.135448688556121244e-01,2.301590267065250495e-01,4.277075175656334105e-01
5.195891407935109285e-01,2.323321774566288189e-01,4.287850739552668822e-01
5.256101591532059691e-01,2.345480259562223169e-01,4.297803319817977696e-01
5.316067500320028616e-01,2.368078260919461164e-01,4.306950494802478380e-01
5.375777524045031175e-01,2.391127803007468411e-01,4.315310719336644674e-01
5.435220182519971965e-01,2.414640387488016793e-01,4.322903299051271131e-01
5.494384126775779809e-01,2.438626986735034641e-01,4.329748363976895220e-01
5.553258140091211770e-01,2.463098038841652349e-01,4.335866841533080884e-01
5.611831138921731243e-01,2.488063444161914828e-01,4.341280429016782794e-01
5.670092173747904862e-01,2.513532563325839853e-01,4.346011565697244783e-01
5.728030429862487338e-01,2.539514216659397583e-01,4.350083404622336336e-01
5.785635228115069140e-01,2.566016684934531167e-01,4.353519784238414903e-01
5.842896025632461354e-01,2.593047711369008135e-01,4.356345199922296296e-01
5.899802416532146099e-01,2.620614504791902721e-01,4.358584775519988574e-01
5.956344132645736700e-01,2.648723743887261284e-01,4.360264234982337284e-01
6.012511044268465943e-01,2.677381582426581197e-01,4.361409874182982649e-01
6.068293160950327669e-01,2.706593655399683884e-01,4.362048532998694661e-01
6.123680632343801999e-01,2.736365085953444409e-01,4.362207567726427704e-01
6.178663749122498272e-01,2.766700493048672715e-01,4.361914823905445604e-01
6.233232943984580166e-01,2.797603999747153014e-01,4.361198609606507515e-01
6.287378792754332313e-01,2.829079242042930042e-01,4.360087669243294939e-01
6.341092015594724796e-01,2.861129378155184422e-01,4.358611157954419557e-01
6.394363478343376705e-01,2.893757098203347256e-01,4.356798616596996299e-01
6.447184193984083489e-01,2.926964634189144765e-01,4.354679947385321492e-01
6.499545324265537660e-01,2.960753770214546998e-01,4.352285390200638648e-01
6.551438181478670408e-01,2.995125852869255922e-01,4.349645499589878672e-01
6.602854230403798486e-01,3.030081801726068891e-01,4.346791122463615764e-01
6.653785090438357752e-01,3.065622119887484454e-01,4.343753376495130269e-01
6.704222537916055824e-01,3.101746904531738624e-01,4.340563629214444497e-01
6.754158508627874369e-01,3.138455857411551198e-01,4.337253477783050704e-01
6.803585100555296084e-01,3.175748295263662868e-01,4.333854729426784291e-01
6.852494576826065886e-01,3.213623160091995667e-01,4.330399382496282201e-01
6.900879368902584909e-01,3.252079029291968237e-01,4.326919608116405747e-01
6.948732080013061418e-01,3.291114125587754624e-01,4.323447732378171149e-01
6.996045488835384019e-01,3.330726326758677858e-01,4.320016219019069958e-01
7.042812553443675849e-01,3.370913175134702122e-01,4.316657652530314082e-01
7.089026415527387437e-01,3.411671886844842017e-01,4.313404721622432492e-01
7.134680404892815853e-01,3.452999360805678597e-01,4.310290202974058071e-01
7.179768044256744641e-01,3.494892187440380993e-01,4.307346945182530251e-01
7.224283054341930077e-01,3.537346657121655524e-01,4.304607852829290260e-01
7.268219359283938363e-01,3.580358768334632735e-01,4.302105870568088131e-01
7.311571092358976065e-01,3.623924235558123041e-01,4.299873967139629660e-01
7.354332602041860900e-01,3.668038496865053122e-01,4.297945119212921439e-01
7.396498458403387710e-01,3.712696721244674869e-01,4.296352294950787076e-01
7.438063459855991377e-01,3.757893815651080494e-01,4.295128437195492865e-01
7.479022640256433041e-01,3.803624431784018989e-01,4.294306446169715019e-01
7.519371276373831847e-01,3.849882972609536269e-01,4.293919161588640176e-01
7.559104895731028062e-01,3.896663598629185876e-01,4.293999344080682845e-01
7.598219284826982500e-01,3.943960233907569668e-01,4.294579655817235553e-01
7.636710497747097870e-01,3.991766571869136970e-01,4.295692640256256745e-01
7.674574865168134474e-01,4.040076080875859565e-01,4.297370700910036478e-01
7.711809003763607784e-01,4.088882009598216460e-01,4.299646079054673109e-01
7.748409826014583945e-01,4.138177392192715631e-01,4.302550830307049767e-01
7.784374550430422923e-01,4.187955053299586838e-01,4.306116800005191925e-01
7.819700712182702240e-01,4.238207612874920760e-01,4.310375597338847453e-01
7.854386174154741607e-01,4.288927490871995984e-01,4.315358568189771038e-01
7.888429138407853092e-01,4.340106911786941191e-01,4.321096766654884402e-01
7.921828158064238012e-01,4.391737909084298952e-01,4.327620925240281968e-01
7.954582149605327057e-01,4.443812329518213033e-01,4.334961423729833396e-01
7.986690405582138608e-01,4.496321837365638285e-01,4.343148256748758929e-01
8.018152607733555204e-01,4.549257918587807370e-01,4.352211000059757473e-01
8.048968840505695832e-01,4.602611884936769759e-01,4.362178775646753381e-01
8.079139604964241661e-01,4.656374878023896158e-01,4.373080215659196357e-01
8.108665833089178099e-01,4.710537873367446893e-01,4.384943425307412102e-01
8.137548902439198928e-01,4.765091684436515984e-01,4.397795944816723090e-01
8.165790651170757863e-01,4.820026966708714222e-01,4.411664710564714431e-01
8.193393393393820778e-01,4.875334221759173858e-01,4.426576015541600073e-01
8.220359934843917138e-01,4.931003801398537445e-01,4.442555469288122505e-01
8.246693588847024969e-01,4.987025911877540074e-01,4.459627957478274340e-01
8.272398192550610707e-01,5.043390618175830342e-01,4.477817601325399521e-01
8.297478123390978899e-01,5.100087848392867995e-01,4.497147716999330691e-01
8.321938315763417471e-01,5.157107398258297115e-01,4.517640775249371354e-01
8.345784277858184774e-01,5.214438935779417417e-01,4.539318361432579940e-01
8.369022108621129163e-01,5.272072006043039272e-01,4.562201136149098279e-01
8.391658514794270163e-01,5.329996036188776598e-01,4.586308796686068834e-01
8.413700827986695385e-01,5.388200340570723501e-01,4.611660039468922778e-01
8.435157021722532455e-01,5.446674126123924875e-01,4.638272523713586337e-01
8.456035728407519381e-01,5.505406497951769174e-01,4.666162836465515551e-01
8.476346256151580105e-01,5.564386465149913086e-01,4.695346459201627520e-01
8.496098605379447388e-01,5.623602946881889331e-01,4.725837736159166913e-01
8.515303485156897612e-01,5.683044778720797163e-01,4.757649844541781969e-01
8.533972329154818626e-01,5.742700719270840137e-01,4.790794766737710986e-01
8.552117311168287994e-01,5.802559457081813976e-01,4.825283264668288052e-01
8.569751360102817461e-01,5.862609617868560496e-01,4.861124856367324276e-01
8.586888174334491586e-01,5.922839772046574192e-01,4.898327794873728602e-01
8.603542235345803535e-01,5.983238442594074336e-01,4.936899049501078385e-01
8.619728820533674174e-01,6.043794113249432165e-01,4.976844289529343546e-01
8.635464015081459888e-01,6.104495237051812406e-01,5.018167870345789927e-01
8.650764722781617566e-01,6.165330245231633866e-01,5.060872822044533148e-01
8.665648675691250968e-01,6.226287556455994965e-01,5.104960840477509310e-01
8.680134442498207425e-01,6.287355586432806787e-01,5.150432280734229540e-01
8.694241435471889989e-01,6.348522757875733058e-01,5.197286153013445098e-01
8.707989915868640241e-01,6.409777510830617642e-01,5.245520120837211531e-01
8.721400997659021215e-01,6.471108313362236020e-01,5.295130501546781998e-01
8.734496649441549909e-01,6.532503672598442002e-01,5.346112269010295792e-01
8.747299694405451520e-01,6.593952146127182168e-01,5.398459058464537552e-01
8.759833808204264827e-01,6.655442353739644545e-01,5.452163173407037489e-01
8.772123514601092298e-01,6.716962989511320314e-01,5.507215594450091123e-01
8.784194178747904980e-01,6.778502834210317074e-01,5.563605990045606964e-01
8.796071997962180422e-01,6.840050768020805583e-01,5.621322728987767636e-01
8.807783989867365992e-01,6.901595783567017195e-01,5.680352894600331215e-01
8.819357977767426915e-01,6.963126999221693758e-01,5.740682300515799197e-01
8.830822573131972275e-01,7.024633672680303809e-01,5.802295507955372855e-01
8.842207155073723568e-01,7.086105214781104333e-01,5.865175844420426055e-01
8.853541846710168972e-01,7.147531203548561640e-01,5.929305423708843836e-01
8.864857488310079470e-01,7.208901398436070584e-01,5.994665167172289477e-01
8.876185607137323519e-01,7.270205754742268267e-01,6.061234826132760878e-01
8.887558383918493510e-01,7.331434438173001222e-01,6.128993005379490544e-01
8.899008615875030337e-01,7.392577839519983707e-01,6.197917187668733341e-01
8.910569676277961815e-01,7.453626589425380589e-01,6.267983759150211887e-01
8.922275470502538663e-01,7.514571573200082844e-01,6.339168035644159316e-01
8.934160388579474033e-01,7.575403945662783078e-01,6.411444289691659026e-01
8.946259254263112526e-01,7.636115145965309825e-01,6.484785778298730596e-01
8.958607270659958433e-01,7.696696912369522803e-01,6.559164771290322271e-01
8.971239962486899922e-01,7.757141296940092134e-01,6.634552580184402970e-01
8.984193115055800760e-01,7.817440680117595520e-01,6.710919587487990112e-01
8.997502710109066548e-01,7.877587785136141996e-01,6.788235276306237020e-01
9.011204858661073791e-01,7.937575692250308235e-01,6.866468260141744828e-01
9.025335731030302844e-01,7.997397852736939372e-01,6.945586312744193025e-01
9.039931484278896923e-01,8.057048102638407761e-01,7.025556397848965462e-01
9.055028187308193921e-01,8.116520676215844832e-01,7.106344698617395039e-01
9.070661743890664486e-01,8.175810219082901842e-01,7.187916646559472378e-01
9.086867813952035355e-01,8.234911800993439668e-01,7.270236949681058158e-01
9.103681733448447666e-01,8.293820928260313696e-01,7.353269619550181213e-01
9.121138433217068631e-01,8.352533555786353370e-01,7.436977996919162948e-01
9.139272357209697883e-01,8.411046098694325845e-01,7.521324775467866930e-01
9.158117380551138442e-01,8.469355443549060336e-01,7.606272023145074224e-01
9.177706727896817185e-01,8.527458959172430353e-01,7.691781200474827607e-01
9.198072892596350636e-01,8.585354507061776497e-01,7.777813175056040862e-01
9.219247557205383359e-01,8.643040451433685600e-01,7.864328231307838868e-01
9.241261515926311176e-01,8.700515668929131863e-01,7.951286074287737815e-01
9.264144599602290864e-01,8.757779558033652600e-01,8.038645826117714055e-01
9.287925603943418817e-01,8.814832048287776223e-01,8.126366013170538416e-01
9.312632221732192184e-01,8.871673609390505755e-01,8.214404541661055603e-01
9.338290979848007378e-01,8.928305260333463389e-01,8.302718658604483215e-01
9.364927182077997792e-01,8.984728578748855110e-01,8.391264894173685596e-01
9.392564858865051214e-01,9.040945710713486072e-01,8.479998980199335845e-01
9.421226725410798419e-01,9.096959381331074512e-01,8.568875737744492405e-01
9.450934149951840668e-01,9.152772906523126695e-01,8.657848924087233611e-01
9.481707134635025680e-01,9.208390206609373685e-01,8.746871025645066577e-01
9.513564312362937647e-01,9.263815822472528660e-01,8.835892977691027772e-01
9.546522964479561280e-01,9.319054935413944030e-01,8.924863782990010153e-01
9.580599066609768455e-01,9.374113392272964695e-01,9.013729987712487679e-01
9.615807374067218971e-01,9.428997738103140902e-01,9.102434950505664535e-01
9.652161565384901332e-01,9.483715259851853707e-01,9.190917802483080656e-01
9.689674475498887274e-01,9.538274046415212704e-01,9.279111928264313081e-01
9.728358474976844805e-01,9.592683073820197359e-01,9.366942671558038391e-01
9.768226102505040975e-01,9.646952330592738489e-01,9.454323715506879333e-01
9.809291170604940158e-01,9.701093011073226302e-01,9.541151037932441570e-01
9.851570842839617592e-01,9.755117832696492686e-01,9.627292012203486626e-01
9.895089975109264691e-01,9.809041605205489622e-01,9.712563508693113912e-01
9.939891822982572789e-01,9.862882403359684025e-01,9.796679989527009580e-01
9.986073555319511241e-01,9.916664669681954924e-01,9.879088444132592128e-01
1.003410877078282581e+00,9.970437826621093569e-01,9.957555575207212017e-01
