1.987250802391268381e-05,1.958680178891895828e-05,1.952928953696901807e-05
3.295370800470885588e-04,3.519923521459613442e-04,2.824437859698053586e-04
9.320865077041838630e-04,1.018640213921518864e-03,7.550061535609478265e-04
1.791022748351763340e-03,1.985189469280335562e-03,1.383810087794811209e-03
2.889936159716099788e-03,3.234299466519120585e-03,2.136420532952678069e-03
4.220440369221592318e-03,4.754508148162758276e-03,2.988872315194642578e-03
5.778697862173411831e-03,6.537236973512049708e-03,3.921905087880160450e-03
7.563906478883546114e-03,8.575541665271293676e-03,4.919305051658694368e-03
9.577500028280481331e-03,1.086347782295793256e-02,5.967029125665208704e-03
1.182267288395056314e-02,1.339573818215951742e-02,7.052688224540216815e-03
1.430407284201473152e-02,1.616742792779680971e-02,8.165218352935498664e-03
1.702758986405122910e-02,1.917391734288172167e-02,9.294659152142758715e-03
2.000020328898485453e-02,2.241074104036804016e-02,1.043199807577608988e-02
2.322986657645437214e-02,2.587352689324879523e-02,1.156905668306619853e-02
2.672541712208664072e-02,2.955794479003555006e-02,1.269840501734686294e-02
3.049650335653364408e-02,3.345966914265696007e-02,1.381329528555752355e-02
3.455352406076262622e-02,3.757435125134545723e-02,1.490760912282212622e-02
3.890757648884062697e-02,4.185868129259554676e-02,1.597581460257975136e-02
4.345163561510333866e-02,4.608954141101944540e-02,1.701293034473643634e-02
4.799629963465840837e-02,5.025729872973051099e-02,1.801449485659710123e-02
5.255465757316673397e-02,5.436457236774664553e-02,1.897653976944169152e-02
5.713062503741497128e-02,5.841362778235686254e-02,1.989556599905685508e-02
6.172766346719151670e-02,6.240643412244430838e-02,2.076852211698356626e-02
6.634883360385490647e-02,6.634471067701427915e-02,2.159278440558718565e-02
7.099683998600667123e-02,7.022996488441818341e-02,2.236613820671408404e-02
7.567406840895435360e-02,7.406352373136496081e-02,2.308676027543837828e-02
8.038261780132383016e-02,7.784655991732489233e-02,2.375320192713842662e-02
8.512432762225913274e-02,8.158011383185104215e-02,2.436437282466820051e-02
8.990080162599833891e-02,8.526511215167745239e-02,2.491952529744670408e-02
9.471342865011750378e-02,8.890238368565095417e-02,2.541823911922464277e-02
9.956340094081780889e-02,9.249267296115831760e-02,2.586040669852230495e-02
1.044517304203745056e-01,9.603665194358923518e-02,2.624621865702219184e-02
1.093792632191058212e-01,9.953493020200893104e-02,2.657614978784297866e-02
1.143466927304603864e-01,1.029880637735073601e-01,2.685094539860421320e-02
1.193545713983125145e-01,1.063965629312599581e-01,2.707160805424114330e-02
1.244033214068423487e-01,1.097608990239796467e-01,2.723938474222225084e-02
1.294932444129239801e-01,1.130815105247810481e-01,2.735575448860873976e-02
1.346245304368126894e-01,1.163588084037840698e-01,2.742241645760772409e-02
1.397972660076990392e-01,1.195931809197050277e-01,2.744127857021000372e-02
1.450114416453063548e-01,1.227849979102388911e-01,2.741444667937355598e-02
1.502669587462846512e-01,1.259346146484482121e-01,2.734421434022417038e-02
1.555636359340939467e-01,1.290423753220591718e-01,2.723305321401935097e-02
1.609012149228628563e-01,1.321086161840647200e-01,2.708360414431793331e-02
1.662793659389846246e-01,1.351336684159895607e-01,2.689866894299873870e-02
1.716976927386539842e-01,1.381178607393062918e-01,2.668120292259001589e-02
1.771557372549396325e-01,1.410615218055788211e-01,2.643430820986261351e-02
1.826529839041395598e-01,1.439649823917788507e-01,2.616122787389835169e-02
1.881888635779250252e-01,1.468285774237209351e-01,2.586534089990145599e-02
1.937627573450365348e-01,1.496526478475983246e-01,2.555015803794919577e-02
1.993739998839630378e-01,1.524375423670558116e-01,2.521931855369731815e-02
2.050218826660273885e-01,1.551836190610611232e-01,2.487658790582538207e-02
2.107056569065733354e-01,1.578912468959520754e-01,2.452585637273852620e-02
2.164245363004429490e-01,1.605608071434049267e-01,2.417113864876611895e-02
2.221776995566198121e-01,1.631926947146379314e-01,2.381657442784318110e-02
2.279642927457524726e-01,1.657873194199151745e-01,2.346642999042144670e-02
2.337834314732464835e-01,1.683451071613047967e-01,2.312510080716236732e-02
2.396342028897004983e-01,1.708665010656622851e-01,2.279711517081138561e-02
2.455156675496479868e-01,1.733519625639211581e-01,2.248713886554565972e-02
2.514268611288212885e-01,1.758019724219863911e-01,2.219998088101029360e-02
2.573667960095002982e-01,1.782170317277938787e-01,2.194060017623729320e-02
2.633344627429015095e-01,1.805976628384429183e-01,2.171411349662182369e-02
2.693288313970104153e-01,1.829444102906988834e-01,2.152580424513501206e-02
2.753488527977682732e-01,1.852578416775986225e-01,2.138113240695693751e-02
2.813934596710529479e-01,1.875385484933665414e-01,2.128574552466558356e-02
2.874615676924863750e-01,1.897871469483489448e-01,2.124549071906777289e-02
2.935520764516946213e-01,1.920042787552169450e-01,2.126642774857719770e-02
2.996638703373079027e-01,1.941906118872309406e-01,2.135484309782660628e-02
3.057958193486378096e-01,1.963468413089524689e-01,2.151726508380277791e-02
3.119467798396701186e-01,1.984736896793726224e-01,2.176047996527114697e-02
3.181155952007332921e-01,2.005719080270371157e-01,2.209154903853591950e-02
3.243010964829161624e-01,2.026422763963875440e-01,2.251782669963767192e-02
3.305021029700870305e-01,2.046856044641551797e-01,2.304697944990917804e-02
3.367174227031117240e-01,2.067027321243202209e-01,2.368700581833332180e-02
3.429458529606759787e-01,2.086945300397916037e-01,2.444625717038039631e-02
3.491861807008899143e-01,2.106619001586585438e-01,2.533345936887886063e-02
3.554371829676922223e-01,2.126057761925461143e-01,2.635773524799901735e-02
3.616976272658689040e-01,2.145271240543128455e-01,2.752862785656783398e-02
3.679662719083566236e-01,2.164269422520513353e-01,2.885612442165360128e-02
3.742418663393238254e-01,2.183062622360898986e-01,3.035068097767689571e-02
3.805231514363996426e-01,2.201661486954438751e-01,3.202324760015208549e-02
3.868088597952588081e-01,2.220076997999429480e-01,3.388529417660787052e-02
3.930977159996529857e-01,2.238320473840582081e-01,3.594883664018573566e-02
3.993884368798539808e-01,2.256403570682679605e-01,3.822646358396033367e-02
4.056797317623576649e-01,2.274338283136543293e-01,4.072605013417234660e-02
4.119703027135736551e-01,2.292136944052984848e-01,4.336396434941280215e-02
4.182588447801432463e-01,2.309812223599458370e-01,4.613845623332921836e-02
4.245440462284026939e-01,2.327377127533664658e-01,4.904655040642418723e-02
4.308245887854378897e-01,2.344844994628035861e-01,5.208530461611774603e-02
4.370991478840513533e-01,2.362229493199464736e-01,5.525185679107833675e-02
4.433663929139200488e-01,2.379544616699058035e-01,5.854346079353923288e-02
4.496249874810875347e-01,2.396804678318089077e-01,6.195751210417311389e-02
4.558735896778954300e-01,2.414024304567758961e-01,6.549156479889572946e-02
4.621108523653505995e-01,2.431218427792656289e-01,6.914334118925063999e-02
4.683354234698715035e-01,2.448402277580443709e-01,7.291073543268283830e-02
4.745459462962551833e-01,2.465591371033614698e-01,7.679181230548562387e-02
4.807410598586746020e-01,2.482801501872840544e-01,8.078480219249756233e-02
4.869193992313944341e-01,2.500048728346206950e-01,8.488809320054221952e-02
4.930795959208760793e-01,2.517349359923104490e-01,8.910022115861121472e-02
4.992202782608358702e-01,2.534719942757618361e-01,9.341985813401817995e-02
5.053400718317739848e-01,2.552177243912095994e-01,9.784579997408973662e-02
5.114375999064141309e-01,2.569738234338369565e-01,1.023769532789891024e-01
5.175114839224413954e-01,2.587420070621230805e-01,1.070123221230172561e-01
5.235603439838444340e-01,2.605240075496454977e-01,1.117509947682872873e-01
5.295827993921062848e-01,2.623215717163746574e-01,1.165921305545721542e-01
5.355774692084398492e-01,2.641364587423269406e-01,1.215349471007231286e-01
5.415429728481679916e-01,2.659704378673244385e-01,1.265787079146104555e-01
5.474779307082997537e-01,2.678252859814941877e-01,1.317227104784819136e-01
5.533809648292955519e-01,2.697027851120196718e-01,1.369662748534392072e-01
5.592506995919138690e-01,2.716047198125841056e-01,1.423087328291526010e-01
5.650857624500009724e-01,2.735328744628011677e-01,1.477494176318533137e-01
5.708847846999814957e-01,2.754890304858070293e-01,1.532876541941083637e-01
5.766464022877653139e-01,2.774749634930068765e-01,1.589227499831663282e-01
5.823692566536806670e-01,2.794924403657606526e-01,1.646539863800846326e-01
5.880519956160024098e-01,2.815432162844964115e-01,1.704806105989501996e-01
5.936932742935369101e-01,2.836290317164087416e-01,1.764018281338393668e-01
5.992917560676717104e-01,2.857516093734555618e-01,1.824167957204173574e-01
6.048461135841960434e-01,2.879126511528520838e-01,1.885246147990144727e-01
6.103550297951313430e-01,2.901138350726266690e-01,1.947243254663962586e-01
6.158171990407150798e-01,2.923568122150788096e-01,2.010149009041629631e-01
6.212313281715997615e-01,2.946432036911195707e-01,2.073952422726039746e-01
6.265961377112293507e-01,2.969745976385028130e-01,2.138641740598337115e-01
6.319103630582718623e-01,2.993525462668713000e-01,2.204204398770718276e-01
6.371727557288804356e-01,3.017785629623028765e-01,2.270626986919422885e-01
6.423820846384572514e-01,3.042541194637116142e-01,2.337895214926211662e-01
6.475371374224969667e-01,3.067806431229898045e-01,2.405993883765445984e-01
6.526367217959533340e-01,3.093595142602091896e-01,2.474906860581526091e-01
6.576796669505029502e-01,3.119920636244962742e-01,2.544617057908040159e-01
6.626648249889071085e-01,3.146795699704488802e-01,2.615106416985256144e-01
6.675910723956084425e-01,3.174232577590673232e-01,2.686355895136690597e-01
6.724573115425211967e-01,3.202242949912708636e-01,2.758345457168057679e-01
6.772624722288731469e-01,3.230837911810557350e-01,2.831054070753471485e-01
6.820055132538123122e-01,3.260027954743399681e-01,2.904459705773797529e-01
6.866854240203421611e-01,3.289822949184726952e-01,2.978539337570946799e-01
6.913012261689968074e-01,3.320232128863362386e-01,3.053268954079647601e-01
6.958519752395420088e-01,3.351264076578920892e-01,3.128623566794615507e-01
7.003367623587779534e-01,3.382926711610179660e-01,3.204577225526634154e-01
7.047547159523988025e-01,3.415227278724632942e-01,3.281103036895312020e-01
7.091050034786693379e-01,3.448172338788179081e-01,3.358173186499898710e-01
7.133868331815027553e-01,3.481767760965069902e-01,3.435758964701966511e-01
7.175994558603465689e-01,3.516018716490196261e-01,3.513830795945764307e-01
7.217421666540907443e-01,3.550929673988453827e-01,3.592358271533001024e-01
7.258143068360252137e-01,3.586504396309659892e-01,3.671310185759460998e-01
7.298152656166613239e-01,3.622745938841991364e-01,3.750654575310812811e-01
7.337444819510621219e-01,3.659656649262319483e-01,3.830358761804649737e-01
7.376014463470806914e-01,3.697238168678517733e-01,3.910389397355083507e-01
7.413857026707494358e-01,3.735491434115786324e-01,3.990712513025486685e-01
7.450968499448044069e-01,3.774416682297686010e-01,4.071293570023926667e-01
7.487345441361766829e-01,3.814013454671319470e-01,4.152097513485146774e-01
7.522984999280335483e-01,3.854280603626109580e-01,4.233088828672092463e-01
7.557884924717728214e-01,3.895216299856106845e-01,4.314231599419693364e-01
7.592043591141801606e-01,3.936818040816683628e-01,4.395489568633461630e-01
7.625460010947425760e-01,3.979082660228280277e-01,4.476826200646027432e-01
7.658133852079568316e-01,4.022006338581571860e-01,4.558204745225679644e-01
7.690065454252706934e-01,4.065584614600774582e-01,4.639588303022877391e-01
7.721255844711323313e-01,4.109812397624124647e-01,4.720939892233080859e-01
7.751706753474902900e-01,4.154683980862994841e-01,4.802222516247955375e-01
7.781420628009093621e-01,4.200193055503544382e-01,4.883399232061204631e-01
7.810400647263766594e-01,4.246332725617117942e-01,4.964433219190949598e-01
7.838650735017481663e-01,4.293095523847521577e-01,5.045287848877101355e-01
7.866175572466893584e-01,4.340473427845528698e-01,5.125926753310060535e-01
7.892980609999218355e-01,4.388457877421972908e-01,5.206313894645987483e-01
7.919072078085197530e-01,4.437039792392354354e-01,5.286413633564285286e-01
7.944456997229734085e-01,4.486209591086545712e-01,5.366190797124501533e-01
7.969143186917720945e-01,4.535957209497310516e-01,5.445610745682620824e-01
7.993139273492554375e-01,4.586272121041628513e-01,5.524639438631085975e-01
8.016454696905441768e-01,4.637143356908173808e-01,5.603243498732176642e-01
8.039099716274781260e-01,4.688559526963317903e-01,5.681390274821186415e-01
8.061085414195551246e-01,4.740508841187091593e-01,5.759047902663801954e-01
8.082423699740413081e-01,4.792979131608707255e-01,5.836185363761134948e-01
8.103127310096145397e-01,4.845957874709431734e-01,5.912772541906239354e-01
8.123209810780570583e-01,4.899432214258687135e-01,5.988780277307088618e-01
8.142685594387937265e-01,4.953388984546737706e-01,6.064180418103379822e-01
8.161569877813463769e-01,5.007814733975000099e-01,6.138945869117651277e-01
8.179878697910277774e-01,5.062695748962563469e-01,6.213050637695070044e-01
8.197628905535915278e-01,5.118018078124938475e-01,6.286469876501030729e-01
8.214838157948701758e-01,5.173767556678513513e-01,6.359179923160688253e-01
8.231524909518399546e-01,5.229929831022132047e-01,6.431158336640467876e-01
8.247708400719820920e-01,5.286490383444489849e-01,6.502383930287450875e-01
8.263408645382523954e-01,5.343434556904572696e-01,6.572836801458848965e-01
8.278646416174348932e-01,5.400747579830231793e-01,6.642498357690196364e-01
8.293443228302019854e-01,5.458414590878560846e-01,6.711351339367302993e-01
8.307821321416678506e-01,5.516420663600835050e-01,6.779379838883229370e-01
8.321803639718585721e-01,5.574750830953542069e-01,6.846569316277676398e-01
8.335413810260179357e-01,5.633390109596977391e-01,6.912906611371963939e-01
8.348676119453414257e-01,5.692323523922594442e-01,6.978379952428052091e-01
8.361615487793113699e-01,5.751536129750670634e-01,7.042978961374954938e-01
8.374257442814412311e-01,5.811013037640608836e-01,7.106694655660007465e-01
8.386628090309492523e-01,5.870739435757356128e-01,7.169519446796206452e-01
8.398754083834867323e-01,5.930700612238677394e-01,7.231447135689363925e-01
8.410662592547832883e-01,5.990881977010308335e-01,7.292472904841057479e-01
8.422381267417790029e-01,6.051269082997690063e-01,7.352593307534359690e-01
8.433938205864762727e-01,6.111847646686010549e-01,7.411806254119605031e-01
8.445361914885167742e-01,6.172603567982710704e-01,7.470110995526666464e-01
8.456681272731818577e-01,6.233522949340019048e-01,7.527508104138717071e-01
8.467925489222698499e-01,6.294592114098068736e-01,7.583999452169586375e-01
8.479124064759625545e-01,6.355797624013127534e-01,7.639588187693429067e-01
8.490306748146390081e-01,6.417126295938464509e-01,7.694278708480675188e-01
8.501503493301493242e-01,6.478565217630026796e-01,7.748076633798730573e-01
8.512744414968861362e-01,6.540101762652315021e-01,7.800988774339535636e-01
8.524059743536269718e-01,6.601723604364024833e-01,7.853023100438480952e-01
8.535479779077455031e-01,6.663418728967229754e-01,7.904188708751119785e-01
8.547034844741034920e-01,6.725175447607374402e-01,7.954495787555031505e-01
8.558755239614498356e-01,6.786982407515641524e-01,8.003955580844192008e-01
8.570671191197736238e-01,6.848828602188872239e-01,8.052580351382924162e-01
8.582812807625443963e-01,6.910703380606058044e-01,8.100383342885041360e-01
8.595210029782607286e-01,6.972596455483804911e-01,8.147378741482214082e-01
8.607892583461230762e-01,7.034497910576810176e-01,8.193581636643239019e-01
8.620889931710096210e-01,7.096398207032457162e-01,8.239007981703280192e-01
8.634231227531958819e-01,7.158288188811747776e-01,8.283674554158994008e-01
8.647945267085170862e-01,7.220159087191430070e-01,8.327598915882359343e-01
8.662060443547272559e-01,7.282002524364972196e-01,8.370799373402497690e-01
8.676604701799383035e-01,7.343810516161978219e-01,8.413294938401475465e-01
8.691605494089108541e-01,7.405575473908072581e-01,8.455105288566607813e-01
8.707089736829314308e-01,7.467290205448425811e-01,8.496250728938690155e-01
8.723083768686603623e-01,7.528947915360190146e-01,8.536752153892808170e-01
8.739613310111771227e-01,7.590542204379501223e-01,8.576631009886148682e-01
8.756703424459162388e-01,7.652067068069980937e-01,8.615909259105404283e-01
8.774378480837633498e-01,7.713516894759757658e-01,8.654609344145934857e-01
8.792662118829731588e-01,7.774886462774154294e-01,8.692754153854940213e-01
8.811577215209114300e-01,7.836170936990709546e-01,8.730366990472923083e-01
8.831145852778862215e-01,7.897365864742409425e-01,8.767471538211036863e-01
8.851389291445150853e-01,7.958467171093577264e-01,8.804091833407746703e-01
8.872327941632303094e-01,8.019471153511029682e-01,8.840252236416222820e-01
8.893981340136494218e-01,8.080374475950315993e-01,8.875977405385845342e-01
8.916368128505526292e-01,8.141174162373939760e-01,8.911292272116349000e-01
8.939506034024143899e-01,8.201867589713716100e-01,8.946222020184193546e-01
8.963411853374576577e-01,8.262452480284474543e-01,8.980792065567361204e-01
8.988101439034903439e-01,8.322926893649327251e-01,9.015028040030244050e-01
9.013589688470411421e-01,8.383289217928548975e-01,9.048955777575156123e-01
9.039890536168745383e-01,8.443538160533232695e-01,9.082601304325790270e-01
9.067016948567037105e-01,8.503672738291507827e-01,9.115990832283364931e-01
9.094980921920169381e-01,8.563692266918091489e-01,9.149150757494178832e-01
9.123793483166713347e-01,8.623596349755265900e-01,9.182107663295304700e-01
9.153464693861143031e-01,8.683384865684971032e-01,9.214888329472442630e-01
9.184003657264655507e-01,8.743057956073293502e-01,9.247519748385982785e-01
9.215418528723778868e-01,8.802616010557696713e-01,9.280029149417223788e-01
9.247716529520868534e-01,8.862059651418778827e-01,9.312444033486335648e-01
9.280903964464961575e-01,8.921389716183771856e-01,9.344792219940140088e-01
9.314986243614876704e-01,8.980607237977268342e-01,9.377101908864549085e-01
9.349967908710310471e-01,9.039713422948345567e-01,9.409401762942556369e-01
9.385852665162214281e-01,9.098709623833314275e-01,9.441721014505719545e-01
9.422643420870581155e-01,9.157597308316137719e-01,9.474089605658330138e-01
9.460342333780958901e-01,9.216378020248767733e-01,9.506538372686953453e-01
9.498950871105148464e-01,9.275053330865860035e-01,9.539099291074853992e-01
9.538469884772163843e-01,9.333624775650536387e-01,9.571805805490875008e-01
9.578899710417322355e-01,9.392093770073800529e-01,9.604693282237922736e-01
9.620240301969852359e-01,9.450461493266250068e-01,9.637799643847032582e-01
9.662491422517934803e-01,9.508728721224818381e-01,9.671166284817130920e-01
9.705652928612781283e-01,9.566895577068782464e-01,9.704839440975540077e-01
9.749725218838592999e-01,9.624961137421027546e-01,9.738872331599573995e-01
9.794709992135851584e-01,9.682922771648257987e-01,9.773328711353760356e-01
9.840611645612685754e-01,9.740774938593755872e-01,9.808289235895822911e-01
9.887440167552933312e-01,9.798506736169317888e-01,9.843864183859877270e-01
9.935218242063555971e-01,9.856095998129704716e-01,9.880223465861021070e-01
9.984004782605943040e-01,9.913490162950572282e-01,9.917691608514204171e-01
1.003410877078282581e+00,9.970437826621093569e-01,9.957555575207212017e-01
