0.0000208612309326197836,0.0000200048714121613121,0.0000198463295491030259
0.000376017293718916459,0.00033671804065073767,0.000392112911865692346
0.00109122480810444557,0.000954444570031904422,0.00116389111025015104
0.00213515220304322153,0.00183203429242960458,0.00231046383767282435
0.0034958944906090892,0.00294685751830839728,0.00382372237253046903
0.0051687628577767996,0.00428311853236146983,0.0057007503747068854
0.00715295718441462652,0.00582856611800262447,0.00794095758012048486
0.00945015729159291024,0.00757308971764309238,0.010544920652833403
0.0120637943299201425,0.00950799439149267733,0.0135138033942301429
0.0149986244684688179,0.0116255807369174419,0.0168490253483850327
0.0182604569715430071,0.0139188819330935652,0.0205520533692109056
0.0218559690234807758,0.0163814898064429462,0.0246242604725256213
0.0257925728246883208,0.0190074350084679031,0.0290668244004916206
0.0300783159059233168,0.0217911019299566362,0.0338806510955726586
0.0347218034484393229,0.0247271669083373585,0.0390663146299687902
0.0397321356708263199,0.0278105526239312076,0.0444366887630129118
0.0448946611229403478,0.0310363940890326755,0.0497424616687859103
0.0500340333718117883,0.0344000131513235441,0.0549960851124000824
0.0551631505475793024,0.0378968993872340274,0.0602000007994445072
0.0602859701818082086,0.0414966096630697764,0.0653561319272479846
0.065405940359711312,0.0450368936771870162,0.0704659706689389209
0.0705260753020100495,0.0485158595521502992,0.0755306473736673534
0.0756490160121399968,0.0519362849341428248,0.0805509860623722096
0.0807770795139193809,0.0553006878522369974,0.0855275495019699739
0.0859122992577638078,0.0586113668883545616,0.0904606762508729234
0.0910564586093430828,0.0618704343786773761,0.0953505114463703285
0.0962111188609054702,0.0650798440853877225,0.100197032661775626
0.101377642862522738,0.0682414144353575003,0.105000071841585219
0.106557215118698978,0.0713568481710117886,0.109759334088792071
0.111750859008546893,0.0744277490715740952,0.114474413904836342
0.116959451646868495,0.0774556362621664218,0.119144809352307229
0.122183736796346948,0.0804419565211775545,0.123769934511577223
0.12742433615876636,0.083388094914068428,0.128349130526688615
0.132681759309382419,0.0862953840180175069,0.132881675477111355
0.137956412488671049,0.0891651119519470958,0.137366793266137904
0.143248606426354119,0.0919985293871820598,0.141803661680601128
0.148558563341365052,0.0947968556827870346,0.146191419747960322
0.153886423236424624,0.0975612842646967071,0.150529174493921697
0.159232249585782387,0.10029298734769243,0.154816007185354154
0.164596034498372373,0.10299312008304512,0.159050979128356584
0.169977703425356064,0.105662824201437078,0.163233137079198842
0.175377119470132348,0.108303231209983836,0.167361518315929908
0.180794087349941013,0.110915465193289348,0.171435155410262885
0.186228357050752497,0.113500645261166738,0.175453080732605848
0.191679627210987774,0.116059887679574064,0.179414330717494547
0.197147548264447026,0.11859430771628382,0.183317949912020967
0.202631725368519922,0.121105021228591708,0.187162994825959245
0.208131721140117243,0.123593146016852812,0.1909485375990293
0.213647058218697783,0.12605980296467395,0.194673669498007823
0.219177221673167944,0.128506116984111518,0.198337504254109509
0.224721661267228812,0.130933217782118971,0.20193918124913568
0.23027979359587214,0.133342240462717837,0.205477868557288668
0.23585100410410853,0.13573432597786822,0.208952765848198885
0.241434648997664425,0.138110621438725933,0.212363107155603414
0.247030057054181074,0.140472280297903929,0.215708163515185347
0.252636531342464332,0.142820462412412197,0.218987245474332903
0.258253350856446517,0.145156333996170089,0.222199705475960629
0.263879772069790575,0.147481067470298266,0.22534494011804751
0.269515030416407231,0.149795841218813813,0.228422392290171861
0.275158341701611686,0.152101839256848642,0.231431553188030215
0.280808903448165059,0.154400250818068296,0.234371964206729178
0.286465896181020974,0.156692269867588441,0.237243218713509729
0.292128484654260556,0.158979094546350064,0.24004496370048789
0.29779581902336838,0.161261926552614121,0.24277690131798757
0.303467035965751086,0.163541970465975545,0.245438790289075504
0.309141259752162278,0.165820433019056995,0.248030447205973281
0.314817603271500046,0.168098522321822846,0.250551747709143957
0.320495169011270009,0.170377447043264574,0.253002627549979375
0.32617304999586938,0.172658415555012101,0.25538308353818473
0.331850330684697326,0.174942635041270084,0.257693174375137946
0.33752608783200988,0.177231310579300277,0.259933021374707418
0.343199391310327617,0.179525644194526074,0.262102809073224585
0.348869304899128374,0.181826833894185941,0.26420278573052941
0.354534887040474422,0.184136072683314528,0.266233263724240721
0.360195191563184802,0.186454547566690609,0.268194619839640491
0.365849268377077763,0.188783438540258697,0.270087295457781373
0.371496164138788054,0.191123917575388824,0.27191179664467674
0.377134922890601076,0.193477147599211058,0.273668694144643176
0.382764586673728868,0.19584428147412275,0.275358623281097836
0.388384196117394775,0.198226460979446739,0.276982283768312187
0.393992791005090548,0.200624815798074729,0.278540439437832077
0.399589410819321034,0.203040462510808095,0.280033917883452721
0.405173095266134153,0.20547450360098668,0.281463610028815481
0.410742884780720352,0.207928026471849381,0.282830469621834502
0.416297821015321035,0.21040210247896568,0.284135512660316836
0.421836947310688382,0.212897785979935639,0.285379816753229154
0.42735930915231074,0.215416113403432807,0.286564520422190661
0.432863954612589086,0.217958102339545656,0.287690822347810904
0.438349934780151329,0.220524750653245172,0.288759980565567287
0.443816304177456156,0.223117035622679316,0.289773311615927176
0.44926212116783476,0.225735913103879193,0.290732189653418183
0.454686448353096073,0.228382316723334755,0.291638045519331979
0.460088352962802538,0.231057157099780419,0.292492365782675845
0.465466907236315175,0.233761321096410901,0.293296691753920924
0.47082118879869389,0.236495671104618332,0.294052618475964367
0.476150281031509415,0.23926104436024187,0.294761793696593943
0.481453273439631346,0.242058252293187448,0.295425916826564328
0.486729262015025588,0.244888079911163514,0.296046737887191935
0.491977349598596569,0.247751285218166029,0.296626056451136877
0.497196646241083007,0.250648598668231637,0.29716572057978069
0.502386269564021104,0.25358072265485837,0.297667625760300314
0.507545345121765079,0.25654833103639707,0.298133713845218473
0.512673006765554495,0.25955206869758618,0.298565971996837432
0.517768397010603954,0.262592551147318554,0.29896643163857517
0.522830667407183314,0.265670364152609917,0.299337167414798322
0.52785897891664646,0.268786063408641307,0.299680296160280468
0.532852502293370223,0.271940174244646338,0.299997975879942813
0.537810418473542273,0.275133191365325269,0.300292404739003871
0.542731918971735783,0.2783655786273731,0.300565820063134981
0.547616206286215768,0.281637768850618031,0.300820497347646321
0.552462494313892272,0.284950163663186151,0.301058749274141058
0.557270008775856751,0.288303133380036547,0.301282924732465429
0.562037987654398608,0.291697016914129137,0.301495407845161267
0.566765681642429131,0.295132121719425877,0.301698616990988044
0.57145235460620869,0.298608723764860473,0.301895003823442087
0.576097284062272674,0.302127067538363048,0.302087052279553681
0.580699761669444592,0.305687366079976153,0.302277277573608283
0.585259093736817282,0.309289801043045654,0.302468225169799987
0.589774601748571436,0.312934522782454427,0.30266246972723615
0.594245622906480642,0.31662165046882601,0.302862614010110054
0.598671510690962805,0.320351272227600403,0.303071287755339203
0.603051635441487432,0.324123445301888025,0.303291146489454988
0.607385384957166763,0.327938196237980373,0.303524870286107917
0.611672165118303801,0.331795521092421053,0.303775162455177439
0.615911400529685182,0.335695385659512735,0.304044748154196742
0.620102535186335624,0.339637725718198502,0.30433637291261334
0.624245033162468821,0.343622447297230682,0.304652801059319911
0.628338379324293483,0.347649426957596153,0.304996814043919262
0.632382080067323438,0.351718512091196978,0.305371208642359504
0.636375664078783432,0.355829521234817203,0.305778795037868645
0.640318683125659316,0.359982244398462436,0.306222394768572048
0.644210712868894531,0.364176443407196737,0.306704838533785828
0.648051353704159006,0.368411852255674577,0.30722896385175269
0.651840231629566058,0.372688177474612248,0.307797612562524692
0.655576999140638494,0.37700509850851055,0.308413628170811305
0.659261336152746624,0.381362268104008584,0.309079853024887552
0.662892950951141313,0.385759312708326085,0.309799125329095981
0.666471581168637361,0.390195832877304694,0.310574275989074888
0.669996994790871603,0.394671403692664458,0.311408125290579318
0.673468991188972965,0.399185575188134467,0.312303479414622331
0.676887402179347619,0.40373787278421952,0.313263126793634106
0.680252093110146783,0.408327797731432574,0.314289834315373606
0.683562963973873172,0.412954827561897941,0.31538634338343402
0.686819950545395686,0.417618416549310312,0.316555365845288816
0.690023025544506896,0.422317996177316246,0.3177995798009291
0.693172199821984192,0.427052975616443176,0.319121625307190737
0.696267523567906332,0.431822742209801103,0.320524099994814571
0.699309087540831431,0.436626661967811358,0.322009554617113058
0.702297024316187235,0.441464080072325349,0.323580488550763379
0.705231509552031399,0.446334321390536803,0.32523934527068854
0.708112763270111523,0.45123669099914604,0.326988507822186303
0.710941051149903802,0.456170474719305219,0.328830294314393257
0.713716685833050257,0.461134939662918464,0.330766953459787016
0.716440028235371118,0.466129334790904404,0.332800660184736918
0.719111488863314885,0.471152891484087954,0.334933511336067302
0.721731529131459215,0.476204824127406778,0.337167521508233536
0.724300662677348273,0.481284330708146191,0.339504619014970865
0.726819456669642094,0.486390593428953577,0.341946642028234882
0.729288533105256986,0.491522779336371729,0.344495334905875028
0.731708570090813359,0.496680040965668812,0.347152344727820028
0.734080303103407994,0.501861517002704094,0.349919218058620363
0.736404526225348799,0.507066332963605926,0.352797397952057556
0.73868209334715973,0.512293601892994666,0.355788221211179645
0.740913919332823689,0.517542425081456203,0.35889291591466943
0.74310098114085954,0.5228118928029718,0.362112599217889686
0.74524431889447551,0.528101085072941623,0.365448275434359204
0.74734503689371945,0.533409072427411091,0.368900834400833322
0.749404304562179879,0.538734916724043833,0.37247105012664955
0.751423357320459284,0.544077671965340182,0.376159579725582227
0.753403497378341003,0.549436385144509876,0.379966962626179572
0.755346094437259419,0.554810097114345591,0.383893620054487461
0.757252586294362984,0.560197843479358859,0.387939854781166438
0.759124479339270297,0.565598655511339588,0.392105851123403515
0.760963348934330264,0.57101156108841089,0.396391675190608028
0.762770839669024814,0.576435585657540495,0.400797275361771288
0.764548665478980038,0.581869753220369268,0.405322482981518462
0.766298609619981419,0.587313087342076212,0.409967013261264557
0.768022524487247837,0.592764612182914541,0.4147304663715774
0.769722331270307758,0.598223353551887604,0.419612328711726046
0.771400019433781448,0.603688339981929722,0.424611974342521015
0.773057646014572608,0.609158603825813105,0.429728666568888973
0.774697334726118569,0.614633182371859266,0.43496155965910499
0.776321274860653166,0.620111118978397657,0.440309700688267136
0.777931719980774816,0.625591464225787597,0.445772031494374443
0.779530986392093395,0.631073277084643891,0.451347390736221821
0.781121451389245824,0.636555626098802341,0.457034516043283101
0.782705551268258248,0.642037590581392537,0.46283204624871882
0.784285779098931823,0.647518261822269237,0.468738523697649179
0.785864682251863012,0.65299674430490251,0.474752396623828787
0.787444859675612729,0.658472156930693275,0.480872021588819642
0.78902895892066971,0.663943634248584713,0.487095665978703407
0.790619672908003723,0.669410327687677498,0.493421510554210852
0.792219736441372335,0.674871406790471084,0.499847652050982305
0.793831922463860251,0.680326060444251146,0.506372105827352925
0.79545903806073881,0.685773498108022461,0.512992808557699909
0.797103920212265615,0.691212951032335821,0.51970762096992662
0.798769431301754706,0.696643673469251934,0.526514330626065119
0.80045845438604224,0.702064943869640801,0.533410654745338109
0.802173888237247224,0.7074760660649696,0.540394243069244551
0.803918642166643993,0.712876370430680528,0.547462680768357579
0.805695630643347926,0.718265215028262238,0.554613491390585911
0.807507767722456249,0.723641986723095765,0.561844139850578461
0.809357961299154605,0.72900610227518392,0.569152035459828398
0.811249107207217213,0.734357009399906335,0.57653453499681262
0.813184083182146633,0.739694187795972291,0.583988945816207639
0.815165742710911245,0.745017150137845752,0.591512528995865705
0.817196908791926746,0.750325443029972616,0.599102502519807012
0.819280367630376927,0.755618647920287434,0.606756044495008862
0.821418862295375418,0.76089638197057663,0.614470296399225902
0.823615086366570104,0.766158298881458588,0.622242366356501542
0.825871677598787435,0.771404089669906146,0.630069332436401952
0.828191211634009661,0.776633483397441648,0.637948245972328687
0.830576195790418748,0.781846247847384879,0.645876134893558107
0.833029062958440814,0.787042190149765064,0.653850007064901484
0.835552165633580035,0.792221157352820393,0.661866853627086971
0.838147770115397428,0.797383036940318091,0.66992365233011264
0.840818050901214309,0.802527757294283939,0.678017370850922063
0.843565085302024786,0.807655288103129143,0.686144970085793116
0.846390848306639798,0.812765640715589988,0.694303407406763551
0.849297207718264779,0.817858868441384002,0.702489639870288896
0.85228591958558575,0.822935066800029258,0.71070062736502837
0.855358623947881869,0.827994373719873389,0.718933335684220132
0.858516840910829471,0.833036969690060802,0.727184739506455236
0.861761967066422718,0.838063077868948181,0.735451825266729253
0.865095272266837467,0.843072964153351978,0.743731593897393961
0.868517896758057018,0.848066937214061678,0.752021063415911795
0.872030848674733239,0.853045348504227752,0.760317271333026623
0.875635001892922649,0.858008592248675095,0.768617276850930953
0.879331094232032484,0.862957105423880266,0.776918162815990576
0.883119725991442728,0.867891367740420083,0.785217037384293382
0.887001358800679318,0.872811901642229104,0.793511035350298211
0.890976314754613807,0.877719272340125589,0.801797319078620951
0.895044775796474679,0.88261408790106799,0.810073078965733773
0.899206783301482848,0.887496999419606802,0.818335533341001842
0.903462237801675783,0.892368701304561252,0.826581927693549656
0.90781089877756016,0.897229931722518414,0.834809533080734689
0.912252384423236307,0.902081473251157839,0.843015643532473269
0.91678617126723716,0.906924153810788614,0.851197572208626685
0.921411593498485337,0.911758847963676566,0.859352645987274566
0.926127841802465657,0.916586478700235241,0.867478198049442928
0.930933961450416958,0.921408019873194872,0.875571557864194383
0.935828849295468168,0.926224499501827503,0.88363003774066351
0.940811249198626909,0.931037004258976286,0.891650914757287527
0.945879745210025269,0.935846685591629757,0.899631406329998051
0.951032751523044673,0.940654768142257791,0.907568636812273954
0.956268497723488875,0.945462561488953246,0.915459591097668279
0.961585007027140448,0.950271476813047244,0.923301048776320576
0.966980063747874374,0.955083051143389317,0.931089488092821327
0.972451163558766818,0.959898983760433366,0.938820940870243037
0.977995434824200704,0.964721193182537351,0.946490763354139841
0.983609507970438002,0.969551911431805968,0.954093252620954568
0.989289282940128856,0.974393852119086135,0.961620952611561664
0.995029470720202869,0.979250543898113501,0.969063253924012158
1.,0.984127109626533936,0.976403058371831167
1.,0.98903270408264421,0.983606110036717607
1.,0.994000868618791888,0.990528868543822605