1.987250802391268381e-05,1.958680178891895828e-05,1.952928953696901807e-05
3.060198265601687105e-04,3.584128256923391643e-04,3.096136319652653614e-04
8.393608717870357228e-04,1.044573403717915681e-03,8.558398011090004830e-04
1.572835043750095852e-03,2.047385708413251328e-03,1.609177712639339947e-03
2.480536850000976488e-03,3.352939790524780712e-03,2.539699004628504474e-03
3.545187953905134127e-03,4.953095636455332254e-03,3.624681968318393607e-03
4.754419445846325316e-03,6.842547667657915104e-03,4.845193383765348735e-03
6.099138042176683629e-03,9.017602542257998482e-03,6.184625539426442768e-03
7.572663058184725578e-03,1.147555695305999511e-02,7.627944946451974302e-03
9.170216945899933164e-03,1.421433933589826872e-02,9.161263020848185376e-03
1.088860105820295757e-02,1.723228519990743779e-02,1.077157331660431004e-02
1.272597772251199064e-02,2.052798706713697754e-02,1.244658322625847614e-02
1.468171752784084433e-02,2.410018922917605763e-02,1.417460298087303353e-02
1.675628867629818525e-02,2.794771101582711401e-02,1.594447120269813084e-02
1.895117453623304873e-02,3.206938907518251669e-02,1.774550468751251789e-02
2.126881067603560160e-02,3.646403284436849912e-02,1.956746471917618357e-02
2.371253566502189158e-02,4.111568265950481943e-02,2.140053490272591716e-02
2.628655176849580694e-02,4.576414063620493772e-02,2.323530713241523868e-02
2.899589283464459877e-02,5.036083115570135632e-02,2.506277334037611965e-02
3.184639744021702801e-02,5.490865204313024467e-02,2.687432134374399817e-02
3.484468588225211882e-02,5.941006512609630502e-02,2.866173356029935726e-02
3.799813996403692690e-02,6.386716735341313456e-02,3.041718767517869598e-02
4.129508918794452116e-02,6.828174779846540865e-02,3.213325856254635460e-02
4.460339756348073031e-02,7.265533388878650523e-02,3.380292092654731823e-02
4.792553344657311115e-02,7.698922930271820397e-02,3.541955224470595687e-02
5.126652220410064104e-02,8.128454534298829026e-02,3.697693568685747612e-02
5.463106652877438435e-02,8.554222714749873391e-02,3.846926275212742691e-02
5.802356278155362118e-02,8.976307577245612457e-02,3.989113542114686162e-02
6.144811444110006432e-02,9.394776694451215104e-02,4.121996164031929005e-02
6.490854343338728349e-02,9.809686710145118504e-02,4.244033565928784918e-02
6.840839994480341080e-02,1.022108472078527563e-01,4.356059504339627325e-02
7.195097118802068481e-02,1.062900947310425614e-01,4.458188486320738969e-02
7.553928948272239929e-02,1.103349240850708679e-01,4.550528971489167102e-02
7.917613992676897361e-02,1.143455857903863671e-01,4.633184062080946547e-02
8.286406786313404993e-02,1.183222745499597217e-01,4.706252054449164973e-02
8.660538629072875305e-02,1.222651364056862866e-01,4.769826868926930336e-02
9.040218332076213614e-02,1.261742751095934201e-01,4.823998371607437358e-02
9.425632974264647190e-02,1.300497578210084715e-01,4.868852598823695393e-02
9.816948673343348086e-02,1.338916202220211960e-01,4.904471892794385474e-02
1.021431137210418727e-01,1.376998711283845545e-01,4.930934954924549168e-02
1.061784763933136810e-01,1.414744966606321097e-01,4.948316821517707159e-02
1.102766548313569017e-01,1.452154640300764576e-01,4.956688765093148624e-02
1.144385517359610138e-01,1.489227249860545776e-01,4.956118123042519558e-02
1.186649007095502417e-01,1.525962189639260280e-01,4.946668053944545257e-02
1.229562745525259182e-01,1.562358759676473474e-01,4.928397220429552722e-02
1.273130935315037460e-01,1.598416192160104221e-01,4.901359395988003770e-02
1.317356335773547105e-01,1.634133675776820727e-01,4.865602991489900025e-02
1.362240343727778580e-01,1.669510378168555242e-01,4.821170495352409407e-02
1.407783072919416567e-01,1.704545466685362942e-01,4.768097819181030955e-02
1.453983431582923647e-01,1.739238127601160089e-01,4.706413538211322994e-02
1.500839197906114753e-01,1.773587583938941448e-01,4.636138012866528740e-02
1.548347093116950735e-01,1.807593112034901472e-01,4.557282374056171453e-02
1.596502851982962157e-01,1.841254056956501961e-01,4.469847350254387702e-02
1.645301290552685092e-01,1.874569846876911472e-01,4.373821908627339300e-02
1.694736371008914722e-01,1.907540006497631391e-01,4.269181675138403881e-02
1.744801263541849168e-01,1.940164169601802657e-01,4.155887089120244987e-02
1.795488405185234893e-01,1.972442090812736026e-01,4.033703581469172406e-02
1.846789555590382659e-01,2.004373656625123568e-01,3.902165925189490792e-02
1.898695849740761887e-01,2.035958895770434984e-01,3.764490654620707144e-02
1.951197847634650873e-01,2.067197988972448441e-01,3.621090471821607898e-02
2.004285580984036530e-01,2.098091278144261218e-01,3.472388488832905962e-02
2.057948596995767820e-01,2.128639275073782589e-01,3.318817268721286490e-02
2.112175999315165642e-01,2.158842669640982370e-01,3.160817947473119893e-02
2.166956486224266842e-01,2.188702337606650561e-01,2.998839441895132310e-02
2.222278386195437605e-01,2.218219348009372593e-01,2.833337748281569701e-02
2.278129690908100025e-01,2.247394970204447118e-01,2.664775336208609000e-02
2.334498085840638892e-01,2.276230680575853094e-01,2.493620641421255904e-02
2.391370978552670445e-01,2.304728168949807254e-01,2.320347661388642499e-02
2.448735524773872907e-01,2.332889344736113757e-01,2.145435656721964013e-02
2.506578652415895059e-01,2.360716342821151947e-01,1.969368961279202232e-02
2.564887083622653940e-01,2.388211529234248176e-01,1.792636903423796071e-02
2.623647354972490353e-01,2.415377506606935509e-01,1.615733840560816884e-02
2.682845835943169499e-01,2.442217119442580686e-01,1.439159308748837705e-02
2.742468745747495551e-01,2.468733459211733261e-01,1.263418288874346845e-02
2.802502168643817848e-01,2.494929869286544588e-01,1.089021590584661470e-02
2.862932067822035465e-01,2.520809949725521526e-01,9.164863548992534248e-03
2.923744297961545779e-01,2.546377561917821941e-01,7.463366761632518262e-03
2.984924616553665810e-01,2.571636833094289032e-01,5.791043437648188581e-03
3.046458694076900064e-01,2.596592160710243236e-01,4.153297038151313077e-03
3.108332123109218692e-01,2.621248216703093714e-01,2.555626407759955220e-03
3.170530426457697226e-01,2.645609951625592648e-01,1.003636788243464232e-03
3.233039064381690864e-01,2.669682598653492778e-01,-4.969479744788250775e-04
3.295843440982147432e-01,2.693471677464213121e-01,-1.940272035802238391e-03
3.358928909825791842e-01,2.716982997980939007e-01,-3.320332977957642442e-03
3.422280778869568607e-01,2.740222663974407613e-01,-4.630966064928399711e-03
3.485884314747269008e-01,2.763197076512469708e-01,-5.865827337908914065e-03
3.549724746477233572e-01,2.785912937245296206e-01,-7.018375564269183770e-03
3.613787268646868611e-01,2.808377251511988137e-01,-8.081853054975562251e-03
3.678057044127003850e-01,2.830597331252123205e-01,-9.049265367487296582e-03
3.742519206366459183e-01,2.852580797703676008e-01,-9.913359913458512016e-03
3.807158861314566822e-01,2.874335583866687305e-01,-1.066660349310091446e-02
3.871961089017266766e-01,2.895869936709932202e-01,-1.130115878085740863e-02
3.936910944929868927e-01,2.917192419095980815e-01,-1.180885979018126905e-02
4.001993460987899875e-01,2.938311911398043819e-01,-1.218118634870144108e-02
4.067193646475301128e-01,2.959237612780197813e-01,-1.240923761897014428e-02
4.132496488727246398e-01,2.979979042111048360e-01,-1.248370470433519258e-02
4.197886953703716673e-01,3.000546038479095512e-01,-1.239484238431236285e-02
4.263349986467718233e-01,3.020948761276867067e-01,-1.213244002918737775e-02
4.328870511601066728e-01,3.041197689819489791e-01,-1.168579174946371077e-02
4.394433433588855742e-01,3.061303622462484553e-01,-1.104366584222106311e-02
4.460023637202738533e-01,3.081277675182504949e-01,-1.019427360348340583e-02
4.525625987911549575e-01,3.101131279584432576e-01,-9.125237583314906378e-03
4.591225332347020349e-01,3.120876180297530444e-01,-7.823559368561638569e-03
4.656806498850786791e-01,3.140524431723612508e-01,-6.275586986969038279e-03
4.722354298128094707e-01,3.160088394100177278e-01,-4.466982035742801498e-03
4.787853524032537611e-01,3.179580728842046899e-01,-2.382686647565149252e-03
4.853288954505074471e-01,3.199014393125977351e-01,-6.890417481522463808e-06
4.918645352689814954e-01,3.218402633683740688e-01,2.677002575005265131e-03
4.983907468247842920e-01,3.237758979771040435e-01,5.686406502956655243e-03
5.049060038889893187e-01,3.257097235281288805e-01,9.039586130784914644e-03
5.114087792147408162e-01,3.276431469975809585e-01,1.275568858543935959e-02
5.178975447400924192e-01,3.295776009804785023e-01,1.685477437842860041e-02
5.243707718183892030e-01,3.315145426296308151e-01,2.135784748481094411e-02
5.308269314779033854e-01,3.334554524994641778e-01,2.628688427290742230e-02
5.372644947123802472e-01,3.354018332932614532e-01,3.166486106628316199e-02
5.436819328040477517e-01,3.373552085127590194e-01,3.751578010748942565e-02
5.500777176805712321e-01,3.393171210095139445e-01,4.372815875596749308e-02
5.564503223073683502e-01,3.412891314379621344e-01,4.990133027986951714e-02
5.627982211165907245e-01,3.432728166106539525e-01,5.604348719297828213e-02
5.691198904740178977e-01,3.452697677567117540e-01,6.217220693140609183e-02
5.754138091850256043e-01,3.472815886851701173e-01,6.830155501644227800e-02
5.816784590406977040e-01,3.493098938554890509e-01,7.444299216522684559e-02
5.879123254050705460e-01,3.513563063581750523e-01,8.060599987671920874e-02
5.941138978444215901e-01,3.534224558091007551e-01,8.679852303065485608e-02
6.002816707993985368e-01,3.555099761617964704e-01,9.302728992757300364e-02
6.064141443007404764e-01,3.576205034426249707e-01,9.929804809087983131e-02
6.125098247291903553e-01,3.597556734144495283e-01,1.056157408500880135e-01
6.185672256201666386e-01,3.619171191750062966e-01,1.119846414621140096e-01
6.245848685136176082e-01,3.641064686968538688e-01,1.184084562501395710e-01
6.305612838494017991e-01,3.663253423163399525e-01,1.248904047843360787e-01
6.364950119084419322e-01,3.685753501795912546e-01,1.314332828160599265e-01
6.423846037997825720e-01,3.708580896540374927e-01,1.380395120982068902e-01
6.482286224935857044e-01,3.731751427144391342e-01,1.447111801269484188e-01
6.540256438999859645e-01,3.755280733127764892e-01,1.514500720647692367e-01
6.597742579936060059e-01,3.779184247417007314e-01,1.582576965488055321e-01
6.654730699834476848e-01,3.803477170014760711e-01,1.651353066844049311e-01
6.711207015277240728e-01,3.828174441805465844e-01,1.720839172263954331e-01
6.767157919930985033e-01,3.853290718599363673e-01,1.791043187290730643e-01
6.822569997576721779e-01,3.878840345517070021e-01,1.861970892791651455e-01
6.877430035569460642e-01,3.904837331816116697e-01,1.933626042992472871e-01
6.931725038718383747e-01,3.931295326259260925e-01,2.006010448117125367e-01
6.985442243577285604e-01,3.958227593121799726e-01,2.079124044779724345e-01
7.038569133133685263e-01,3.985646988931630386e-01,2.152964956686156950e-01
7.091093451883568877e-01,4.013565940031724177e-01,2.227529547737657212e-01
7.143003221277580694e-01,4.041996421049627308e-01,2.302812469259780115e-01
7.194286755522886212e-01,4.070949934352945387e-01,2.378806702784247995e-01
7.244932677723754377e-01,4.100437490563407783e-01,2.455503599572262940e-01
7.294929936342473553e-01,4.130469590195276486e-01,2.532892917873542649e-01
7.344267821960654974e-01,4.161056206476510533e-01,2.610962858755516702e-01
7.392935984319822795e-01,4.192206769403419853e-01,2.689700101205097504e-01
7.440924449618331327e-01,4.223930151071589867e-01,2.769089837094921291e-01
7.488223638040715224e-01,4.256234652317733014e-01,2.849115806512921845e-01
7.534824381493524514e-01,4.289127990699089232e-01,2.929760333874926181e-01
7.580717941520702663e-01,4.322617289828834530e-01,3.011004365171824348e-01
7.625896027369665209e-01,4.356709070078094714e-01,3.092827506643840429e-01
7.670350814177970822e-01,4.391409240647667356e-01,3.175208065122579471e-01
7.714074961248792439e-01,4.426723093005144882e-01,3.258123090235684471e-01
7.757061630381860695e-01,4.462655295676514755e-01,3.341548418627838246e-01
7.799304504225175183e-01,4.499209890374928356e-01,3.425458720314846772e-01
7.840797804610801780e-01,4.536390289443785195e-01,3.509827547253778768e-01
7.881536310837182757e-01,4.574199274586073227e-01,3.594627384181185437e-01
7.921515377858038276e-01,4.612638996847761574e-01,3.679829701742844961e-01
7.960730954337056353e-01,4.651710977819221715e-01,3.765405011911885924e-01
7.999179600525730960e-01,4.691416112015573403e-01,3.851322925667420294e-01
8.036858505920195794e-01,4.731754670394912599e-01,3.937552212882571290e-01
8.073765506651466861e-01,4.772726304971346978e-01,4.024060864349159883e-01
8.109899102562205808e-01,4.814330054479042942e-01,4.110816155845892217e-01
8.145258473921456188e-01,4.856564351043006211e-01,4.197784714137925977e-01
8.179843497727591339e-01,4.899427027812461310e-01,4.284932584777832454e-01
8.213654763548534632e-01,4.942915327513366930e-01,4.372225301561639688e-01
8.246693588847024969e-01,4.987025911877540074e-01,4.459627957478274340e-01
8.278962033737504722e-01,5.031754871907329063e-01,4.547105276976800003e-01
8.310462915120281346e-01,5.077097738936477977e-01,4.634621689363326857e-01
8.341199820137911169e-01,5.123049496449348927e-01,4.722141403128037873e-01
8.371177118897552560e-01,5.169604592623083805e-01,4.809628480993015098e-01
8.400399976402947999e-01,5.216756953558702170e-01,4.897046915462916483e-01
8.428874363638574341e-01,5.264499997169740375e-01,4.984360704653658103e-01
8.456607067749144502e-01,5.312826647698055682e-01,5.071533928168574512e-01
8.483605701256378140e-01,5.361729350829047558e-01,5.158530822787571468e-01
8.509878710256033596e-01,5.411200089379268885e-01,5.245315857732090192e-01
8.535435381538010180e-01,5.461230399531067370e-01,5.331853809267937949e-01
8.560285848572877221e-01,5.511811387589741207e-01,5.418109834408256775e-01
8.584441096309131103e-01,5.562933747239344751e-01,5.504049543481164264e-01
8.607912964726337490e-01,5.614587777273656322e-01,5.589639071330028131e-01
8.630714151090576047e-01,5.666763399778820265e-01,5.674845146919339500e-01
8.652858210860421284e-01,5.719450178743803459e-01,5.759635161125561398e-01
8.674359557193024317e-01,5.772637339074319085e-01,5.843977232500175978e-01
8.695233459002515986e-01,5.826313785984736926e-01,5.927840270801169043e-01
8.715496037524960160e-01,5.880468124741545788e-01,6.011194038099583192e-01
8.735164261347014847e-01,5.935088680730190580e-01,6.094009207279230678e-01
8.754255939858355262e-01,5.990163519815829840e-01,6.176257417760204760e-01
8.772789715091372509e-01,6.045680468966344590e-01,6.257911328290340913e-01
8.790785051915094295e-01,6.101627137104337351e-01,6.338944666663102190e-01
8.808262226554518515e-01,6.157990936152598627e-01,6.419332276235526491e-01
8.825242313410502915e-01,6.214759102235659638e-01,6.499050159135548732e-01
8.841747170160183522e-01,6.271918716997872956e-01,6.578075516064271211e-01
8.857799421122641848e-01,6.329456728996569748e-01,6.656386782615403286e-01
8.873422438879908780e-01,6.387359975126902789e-01,6.733963662050894694e-01
8.888640324148594507e-01,6.445615202033425639e-01,6.810787154489009732e-01
8.903477883903609946e-01,6.504209087461602090e-01,6.886839582477870536e-01
8.917960607761310499e-01,6.563128261501383065e-01,6.962104612944863824e-01
8.932114642635783364e-01,6.622359327673738028e-01,7.036567275528692322e-01
8.945966765688960765e-01,6.681888883810058744e-01,7.110213977317666467e-01
8.959544355601585242e-01,6.741703542674102323e-01,7.183032514033789173e-01
8.972875362200068983e-01,6.801789952275365536e-01,7.255012077717838404e-01
8.985988274481049309e-01,6.862134815823179856e-01,7.326143260985739092e-01
8.998912087083491551e-01,6.922724911270794479e-01,7.396418057940964408e-01
9.011676265266281849e-01,6.983547110399320745e-01,7.465829861841571935e-01
9.024310708456984020e-01,7.044588397392232970e-01,7.534373459633357806e-01
9.036845712446345269e-01,7.105835886852106542e-01,7.602045023473217311e-01
9.049311930311438879e-01,7.167276841212344429e-01,7.668842099378077037e-01
9.061740332159304856e-01,7.228898687498382936e-01,7.734763593145855820e-01
9.074162163791973379e-01,7.290689033393897844e-01,7.799809753704775028e-01
9.086608904403031817e-01,7.352635682569603759e-01,7.863982154056893270e-01
9.099112223425395163e-01,7.414726649233520650e-01,7.927283669990391468e-01
9.111703936659794056e-01,7.476950171863364636e-01,7.989718456743379882e-01
9.124415961823287846e-01,7.539294726083021203e-01,8.051291923809665851e-01
9.137280273667790498e-01,7.601749036646624491e-01,8.112010708084499422e-01
9.150328858829326339e-01,7.664302088494350240e-01,8.171882645555339497e-01
9.163593670579711636e-01,7.726943136845053628e-01,8.230916741750228249e-01
9.177106583665152195e-01,7.789661716290550153e-01,8.289123141163902142e-01
9.190899349428017784e-01,7.852447648856019091e-01,8.346513095889932510e-01
9.205003551423089903e-01,7.915291050989262667e-01,8.403098933696689921e-01
9.219450561754435336e-01,7.978182339438988357e-01,8.458894025795435923e-01
9.234271498376677156e-01,8.041112235978304934e-01,8.513912754561872021e-01
9.249497183624963981e-01,8.104071770923562124e-01,8.568170481488266432e-01
9.265158104260693417e-01,8.167052285390861144e-01,8.621683515662598163e-01
9.281284373349488748e-01,8.230045432221290147e-01,8.674469083096180144e-01
9.297905694321155767e-01,8.293043175491682240e-01,8.726545297252287225e-01
9.315051327605314846e-01,8.356037788507894026e-01,8.777931131168773549e-01
9.332750060289499716e-01,8.419021850152562658e-01,8.828646391619363598e-01
9.351030179316125457e-01,8.481988239425234388e-01,8.878711695825985961e-01
9.369919448823847974e-01,8.544930127969011524e-01,8.928148451322280854e-01
9.389445092356906164e-01,8.607840970318403340e-01,8.976978839684648381e-01
9.409633780821781146e-01,8.670714491525455259e-01,9.025225805000812729e-01
9.430511627281567000e-01,8.733544671715025576e-01,9.072913048151690640e-01
9.452104189964322112e-01,8.796325726977349824e-01,9.120065028260578854e-01
9.474436485257863305e-01,8.859052085808715171e-01,9.166706973044085327e-01
9.497533013017412928e-01,8.921718360036191564e-01,9.212864900326324102e-01
9.521417797300114616e-01,8.984319308773819346e-01,9.258565653719239563e-01
9.546114446780761265e-01,9.046849793397010453e-01,9.303836956532222091e-01
9.571646240783561188e-01,9.109304720699187286e-01,9.348707489519701985e-01
9.598036249398781417e-01,9.171678970158299027e-01,9.393207000378414051e-01
9.625307500066812016e-01,9.233967299336987011e-01,9.437366456422068284e-01
9.653483209231711326e-01,9.296164218422410253e-01,9.481218257385245485e-01
9.682587107877195232e-01,9.358263819968202224e-01,9.524796534273497484e-01
9.712643907171719659e-01,9.420259541487163713e-01,9.568137575292349206e-01
9.743679981512564092e-01,9.482143823559573415e-01,9.611280446543809530e-01
9.775724404733646677e-01,9.543907597961572842e-01,9.654267924782110599e-01
9.808810592805800033e-01,9.605539483783623877e-01,9.697147958093591535e-01
9.842979063033462372e-01,9.667024446252506786e-01,9.739976083051998801e-01
9.878282443368840982e-01,9.728341373916257195e-01,9.782819737447673303e-01
9.914795617947219641e-01,9.789458190594483300e-01,9.825766824682576894e-01
9.952639995590403243e-01,9.850320200980838825e-01,9.868945754468892995e-01
9.992061501766152931e-01,9.910812750340615152e-01,9.912588262891309787e-01
1.003410877078282581e+00,9.970437826621093569e-01,9.957555575207212017e-01
