1.987250802391268381e-05,1.958680178891895828e-05,1.952928953696901807e-05
3.833224108651637910e-04,3.219803606038168574e-04,3.671299719883020754e-04
1.139194462279272428e-03,9.032817265038367181e-04,1.078723317425718704e-03
2.268055203177841029e-03,1.719841532411276472e-03,2.125289503900092917e-03
3.767151075368633476e-03,2.746929601952347293e-03,3.493217592662164854e-03
5.639581844305413191e-03,3.966931785765364163e-03,5.173660044924280506e-03
7.891495252208974298e-03,5.365986081566844097e-03,7.159777505789344416e-03
1.053092922275911981e-02,6.932537598803446832e-03,9.445615507823057130e-03
1.356722182168110941e-02,8.656589038447860471e-03,1.202554358441619391e-02
1.701066776818564719e-02,1.052926532669604467e-02,1.489393874694610286e-02
2.087229829033716844e-02,1.254254082049615845e-02,1.804499169889643706e-02
2.516372897890748958e-02,1.468905894301631744e-02,2.147258142822269095e-02
2.989704788556960674e-02,1.696200815050922031e-02,2.517019110565252640e-02
3.508472876142804814e-02,1.935503411768336665e-02,2.913085068022797791e-02
4.073407701053635005e-02,2.186217621977326955e-02,3.334709778419497894e-02
4.649633449198984497e-02,2.447782088353874300e-02,3.781095188550692016e-02
5.224675947191365771e-02,2.719666698494606349e-02,4.244980334081831924e-02
5.798946020149769315e-02,3.001370005239370475e-02,4.701082874194980471e-02
6.372788081210584155e-02,3.292417303139310442e-02,5.148902306571261772e-02
6.946491480652486339e-02,3.592359201639896277e-02,5.588576305218643375e-02
7.520299359094090308e-02,3.900770579123229165e-02,6.020202671779473907e-02
8.094415654826575546e-02,4.212297261749282234e-02,6.443846372382042165e-02
8.669010723469361412e-02,4.516658674329913220e-02,6.859545215134604801e-02
9.244225898951671794e-02,4.815064630376270777e-02,7.267314492041712648e-02
9.820177236029423162e-02,5.107788244870258704e-02,7.667150821268206573e-02
1.039695861237523444e-01,5.395084850843392260e-02,8.059035364200034524e-02
1.097464432400857282e-01,5.677194786112089303e-02,8.442936548005841590e-02
1.155329127582699900e-01,5.954345726823729451e-02,8.818812392797867328e-02
1.213294084553220020e-01,6.226754653559470748e-02,9.186612519337963856e-02
1.271362048182182736e-01,6.494629516827896132e-02,9.546279896056528158e-02
1.329534508462519304e-01,6.758170654546352685e-02,9.897752371259457838e-02
1.387811820521906159e-01,7.017572003271618786e-02,1.024096402661670291e-01
1.446193309643208913e-01,7.273022136613208066e-02,1.057584638053422343e-01
1.504677363724043482e-01,7.524705157802369371e-02,1.090232946421942073e-01
1.563261515144514502e-01,7.772801468334084030e-02,1.122034278873823288e-01
1.621942513649057283e-01,8.017488430611721673e-02,1.152981621781984933e-01
1.680716391560294343e-01,8.258940939354009192e-02,1.183068075836632704e-01
1.739578522412878192e-01,8.497331913986302943e-02,1.212286927840011130e-01
1.798523673910195630e-01,8.732832722193684116e-02,1.240631716040569432e-01
1.857546055957442765e-01,8.965613543153549969e-02,1.268096289659628173e-01
1.916639364402797363e-01,9.195843677612935974e-02,1.294674863148953525e-01
1.975796821018980243e-01,9.423691810864687213e-02,1.320362065625070858e-01
2.035011210175759477e-01,9.649326233760582849e-02,1.345152985851372773e-01
2.094274912586414628e-01,9.872915026140954842e-02,1.369043213078695309e-01
2.153579936455312094e-01,1.009462620642718189e-01,1.392028874006244477e-01
2.212917946306988681e-01,1.031462785059674425e-01,1.414106666085481745e-01
2.272280289738392578e-01,1.053308818331671892e-01,1.435273887358204103e-01
2.331658022303090272e-01,1.075017564364031397e-01,1.455528462994950811e-01
2.391041930708819319e-01,1.096605892735832144e-01,1.474868968680261294e-01
2.450422554486649807e-01,1.118090700783273550e-01,1.493294650975983684e-01
2.509790206270050561e-01,1.139488913692051353e-01,1.510805444782271634e-01
2.569134990805838625e-01,1.160817482740722772e-01,1.527401988007353606e-01
2.628446822804380578e-01,1.182093381821799627e-01,1.543085633551257441e-01
2.687715443724456588e-01,1.203333602354335063e-01,1.557858458704765303e-01
2.746930437577666528e-01,1.224555146691337637e-01,1.571723272062927612e-01
2.806081245828311865e-01,1.245775020116916543e-01,1.584683618051877241e-01
2.865157181456921553e-01,1.267010221521401581e-01,1.596743779168408039e-01
2.924147442248912765e-01,1.288277732837657119e-01,1.607908776033527831e-01
2.983041123364064684e-01,1.309594507318150858e-01,1.618184365363793675e-01
3.041827229237448749e-01,1.330977456729925956e-01,1.627577035967535113e-01
3.100494684857960093e-01,1.352443437543393578e-01,1.636094002876973263e-01
3.159032346466896235e-01,1.374009236190393834e-01,1.643743199731610427e-01
3.217429011715449150e-01,1.395691553467457713e-01,1.650533269533004110e-01
3.275673429317121910e-01,1.417506988161373604e-01,1.656473553896147255e-01
3.333754308228389363e-01,1.439472019975652772e-01,1.661574080927997465e-01
3.391660326388585833e-01,1.461602991838690802e-01,1.665845551869264696e-01
3.449380139047868998e-01,1.483916091676686366e-01,1.669299326641321135e-01
3.506902386710420982e-01,1.506427333736748142e-01,1.671947408445992322e-01
3.564215702718206424e-01,1.529152539548254697e-01,1.673802427572078089e-01
3.621308720499186729e-01,1.552107318612837294e-01,1.674877624568622825e-01
3.678170080502720096e-01,1.575307048915396968e-01,1.675186832951323090e-01
3.734788436843466397e-01,1.598766857350563952e-01,1.674744461614958713e-01
3.791152463674238304e-01,1.622501600160202173e-01,1.673565477131369883e-01
3.847250861307245362e-01,1.646525843478466034e-01,1.671665386119348951e-01
3.903072362102346649e-01,1.670853844081060524e-01,1.669060217879843877e-01
3.958605736140197728e-01,1.695499530434951829e-01,1.665766507497067894e-01
4.013839796697564188e-01,1.720476484143386164e-01,1.661801279613575877e-01
4.068763405541457323e-01,1.745797921879213010e-01,1.657182033095029872e-01
4.123365478058323985e-01,1.771476677896552665e-01,1.651926726808335411e-01
4.177634988234099622e-01,1.797525187207249242e-01,1.646053766744898783e-01
4.231560973500528844e-01,1.823955469504145166e-01,1.639581994729234771e-01
4.285132539462997991e-01,1.850779113907901618e-01,1.632530678961634230e-01
4.338338864524821092e-01,1.878007264608232696e-01,1.624919506652386658e-01
4.391169204422794570e-01,1.905650607463784674e-01,1.616768579013790064e-01
4.443612896688720060e-01,1.933719357617712520e-01,1.608098408884999497e-01
4.495659365051570266e-01,1.962223248178266988e-01,1.598929921273298804e-01
4.547298123794931146e-01,1.991171520005696749e-01,1.589284457103659065e-01
4.598518782084446976e-01,2.020572912638208263e-01,1.579183780476032806e-01
4.649311048279952119e-01,2.050435656381346949e-01,1.568650089736552122e-01
4.699664734247313569e-01,2.080767465576178199e-01,1.557706032674205932e-01
4.749569759684851289e-01,2.111575533053365872e-01,1.546374726158069035e-01
4.799016156479742334e-01,2.142866525771272568e-01,1.534679780531368887e-01
4.847994073109623270e-01,2.174646581628367215e-01,1.522645329076590948e-01
4.896493779105257071e-01,2.206921307431911616e-01,1.510296062859709521e-01
4.944505669589983055e-01,2.239695777997615656e-01,1.497657271250300015e-01
4.992020269912229025e-01,2.272974536347782126e-01,1.484754888396511152e-01
5.039028240387507518e-01,2.306761594969096718e-01,1.471615545908019906e-01
5.085520381166551696e-01,2.341060438085386664e-01,1.458266631964396376e-01
5.131487637246713307e-01,2.375874024895464065e-01,1.444736357018666928e-01
5.176921103643815636e-01,2.411204793721881123e-01,1.431053826203866619e-01
5.221812030742079003e-01,2.447054667012518725e-01,1.417249118471215208e-01
5.266151829839998966e-01,2.483425057134153180e-01,1.403353372389285758e-01
5.309932078910166720e-01,2.520316872894765581e-01,1.389398878410682270e-01
5.353144528591530227e-01,2.557730526729881104e-01,1.375419177262751924e-01
5.395781108432464723e-01,2.595665942487440647e-01,1.361449163937984708e-01
5.437833933403541931e-01,2.634122563745474599e-01,1.347525196544180626e-01
5.479295310698828469e-01,2.673099362597353701e-01,1.333685209020574469e-01
5.520157746844659430e-01,2.712594848840473305e-01,1.319968826430923947e-01
5.560413955135018460e-01,2.752607079505764998e-01,1.306417481205869868e-01
5.600056863412650188e-01,2.793133668667483471e-01,1.293074528323762684e-01
5.639079622214795418e-01,2.834171797475361632e-01,1.279985356993181833e-01
5.677475613302674917e-01,2.875718224353910335e-01,1.267197495935409313e-01
5.715238458593396853e-01,2.917769295316999800e-01,1.254760708869225305e-01
5.752362029512768649e-01,2.960320954349348610e-01,1.242727076286190280e-01
5.788840456787363031e-01,3.003368753810047309e-01,1.231151059090541122e-01
5.824668140693433083e-01,3.046907864817415268e-01,1.220089539188937422e-01
5.859839761780092360e-01,3.090933087578177085e-01,1.209601831684941342e-01
5.894350292083234688e-01,3.135438861628264684e-01,1.199749663001005440e-01
5.928195006846209703e-01,3.180419275956442582e-01,1.190597109066042769e-01
5.961369496762159992e-01,3.225868078986233733e-01,1.182210487723348580e-01
5.993869680752086371e-01,3.271778688395557411e-01,1.174658199790352964e-01
6.025691819291475460e-01,3.318144200757588425e-01,1.168010513796721717e-01
6.056832528297053653e-01,3.364957400990196135e-01,1.162339290393235858e-01
6.087288793583746083e-01,3.412210771605185267e-01,1.157717643800123264e-01
6.117057985900266059e-01,3.459896501752124376e-01,1.154219539468701594e-01
6.146137876549971901e-01,3.508006496055174339e-01,1.151919329351483445e-01
6.174526653601487558e-01,3.556532383244636608e-01,1.150891228763471219e-01
6.202222938691537291e-01,3.605465524587986303e-01,1.151208741674890623e-01
6.229225804419650236e-01,3.654797022128404849e-01,1.152944044261150491e-01
6.255534792332119176e-01,3.704517726741259898e-01,1.156167339463065324e-01
6.281149931489161675e-01,3.754618246021875216e-01,1.160946197960107118e-01
6.306071757606430683e-01,3.805088952020116988e-01,1.167344903095700603e-01
6.330301332758245803e-01,3.855919988839536239e-01,1.175423818689402267e-01
6.353840265626287120e-01,3.907101280120740538e-01,1.185238799132456167e-01
6.376690732273307960e-01,3.958622536430496663e-01,1.196840660561279412e-01
6.398855497417176297e-01,4.010473262579401510e-01,1.210274730193405257e-01
6.420337936175669613e-01,4.062642764892457903e-01,1.225580488147821612e-01
6.441142056247497472e-01,4.115120158457908350e-01,1.242791312413965010e-01
6.461272520489648175e-01,4.167894374380491929e-01,1.261934333327616731e-01
6.480734669845348295e-01,4.220954167066133800e-01,1.283030399268734745e-01
6.499534546570842064e-01,4.274288121565398280e-01,1.306094150656646191e-01
6.517678917702882657e-01,4.327884661003324474e-01,1.331134195014966604e-01
6.535175298701645374e-01,4.381732054123430031e-01,1.358153372199221165e-01
6.552031977197033674e-01,4.435818422973341613e-01,1.387149096039133056e-01
6.568258036758459761e-01,4.490131750759373541e-01,1.418113756769312506e-01
6.583863380600437631e-01,4.544659889896676686e-01,1.451035167736252074e-01
6.598858755128000908e-01,4.599390570280957324e-01,1.485897039920293095e-01
6.613255773217582290e-01,4.654311407806793199e-01,1.522679468674583980e-01
6.627066937119797663e-01,4.709409913156536454e-01,1.561359418587761061e-01
6.640305660861882675e-01,4.764673500882459778e-01,1.601911194332290289e-01
6.652986292017724068e-01,4.820089498803384331e-01,1.644306887573342146e-01
6.665124132704245419e-01,4.875645157735418178e-01,1.688516792309747161e-01
6.676735459653162508e-01,4.931327661574549936e-01,1.734509783253494752e-01
6.687837543197125978e-01,4.987124137747157016e-01,1.782253653916979208e-01
6.698448664999961943e-01,5.043021668041987038e-01,1.831715412893061279e-01
6.708588134350874643e-01,5.099007299835359719e-01,1.882861538340952767e-01
6.718276302833090519e-01,5.155068057718616981e-01,1.935658191916826976e-01
6.727534577168378105e-01,5.211190955534641400e-01,1.990071394321120124e-01
6.736385430030376043e-01,5.267363008827266047e-01,2.046067165297168478e-01
6.744852408611319294e-01,5.323571247705196630e-01,2.103611631342051091e-01
6.752960140720009052e-01,5.379802730118650178e-01,2.162671104617224782e-01
6.760734338182015080e-01,5.436044555544415902e-01,2.223212136612595646e-01
6.768201797308266432e-01,5.492283879072052954e-01,2.285201550058713615e-01
6.775390396194399534e-01,5.548507925880477032e-01,2.348606452431863945e-01
6.782329088610600243e-01,5.604704006091737467e-01,2.413394234183102727e-01
6.789047894241641012e-01,5.660859529985108329e-01,2.479532554569005565e-01
6.795577885038096566e-01,5.716962023551818151e-01,2.546989317687787802e-01
6.801951167443728297e-01,5.772999144367529922e-01,2.615732641043873596e-01
6.808200860270268162e-01,5.828958697756544405e-01,2.685730818687860899e-01
6.814361068000392985e-01,5.884828653218726613e-01,2.756952280714782821e-01
6.820466849311477286e-01,5.940597161087102229e-01,2.829365550656375294e-01
6.826554180628642277e-01,5.996252569381151920e-01,2.902939202075851544e-01
6.832659914534431334e-01,6.051783440818108151e-01,2.977641815467939601e-01
6.838821732885332905e-01,6.107178569941686952e-01,3.053441936382425559e-01
6.845078094511756195e-01,6.162427000325397808e-01,3.130308035526252475e-01
6.851468177408691629e-01,6.217518041804905859e-01,3.208208471455480382e-01
6.858031815359014738e-01,6.272441287691914447e-01,3.287111456343312366e-01
6.864809428969376182e-01,6.327186631919957671e-01,3.366985025201754689e-01
6.871841951141932636e-01,6.381744286070638594e-01,3.447797008840897681e-01
6.879170747050317170e-01,6.436104796227523073e-01,3.529515010769567751e-01
6.886837528739282455e-01,6.490259059603269431e-01,3.612106388172290350e-01
6.894884264519158812e-01,6.544198340884886944e-01,3.695538237039218132e-01
6.903353083382610667e-01,6.597914288241120140e-01,3.779777381475768472e-01
6.912286174729096455e-01,6.651398948935449695e-01,3.864790367176718644e-01
6.921725683741015711e-01,6.704644784488396070e-01,3.950543459013726721e-01
6.931713602816708120e-01,6.757644685332574452e-01,4.037002642655129758e-01
6.942291659524303382e-01,6.810391984904918816e-01,4.124133630111357363e-01
6.953501201600384984e-01,6.862880473121102387e-01,4.211901869077827043e-01
6.965383079573507219e-01,6.915104409178464140e-01,4.300272555929067764e-01
6.977977527646671563e-01,6.967058533635430706e-01,4.389210652202464868e-01
6.991324043522600951e-01,7.018738079717055101e-01,4.478680904397472351e-01
7.005461267898887012e-01,7.070138783798899373e-01,4.568647866905066190e-01
7.020426864398648936e-01,7.121256895023692080e-01,4.659075927873632117e-01
7.036257400731509293e-01,7.172089184008411111e-01,4.749929337810023244e-01
7.052988231902057592e-01,7.222632950602310142e-01,4.841172240708520591e-01
7.070653386294133425e-01,7.272886030660327128e-01,4.932768707495855387e-01
7.089285455462220886e-01,7.322846801799646199e-01,5.024682771576702844e-01
7.108915488451948983e-01,7.372514188111543021e-01,5.116878466261577385e-01
7.129572891452212735e-01,7.421887663804918045e-01,5.209319863857335697e-01
7.151285333550626566e-01,7.470967255762223092e-01,5.301971116199718503e-01
7.174078659322183915e-01,7.519753544993432737e-01,5.394796496407466835e-01
7.197976808928225889e-01,7.568247666978514809e-01,5.487760441638314113e-01
7.223001746340004248e-01,7.616451310893821436e-01,5.580827596628828990e-01
7.249173396229351418e-01,7.664366717723138933e-01,5.673962857802331561e-01
7.276509589988117144e-01,7.711996677259277400e-01,5.767131417732257459e-01
7.305026021250899948e-01,7.759344524007434352e-01,5.860298809751873783e-01
7.334736211202179668e-01,7.806414132006975759e-01,5.953430952505788243e-01
7.365651483851931580e-01,7.853209908593730137e-01,6.046494194243465792e-01
7.397780951363460700e-01,7.899736787130227089e-01,6.139455356660641350e-01
7.431131509417124859e-01,7.946000218736720688e-01,6.232281778100411396e-01
7.465707842492905755e-01,7.992006163061359247e-01,6.324941355932490739e-01
7.501512438857875775e-01,8.037761078132950043e-01,6.417402587935852054e-01
7.538545614950039608e-01,8.083271909345448591e-01,6.509634612517495311e-01
7.576805548762683973e-01,8.128546077628108213e-01,6.601607247607448326e-01
7.616288321750213086e-01,8.173591466860901100e-01,6.693291028078074412e-01
7.656987968702571035e-01,8.218416410599900246e-01,6.784657241543491368e-01
7.698896534968973082e-01,8.263029678182457483e-01,6.875677962402820809e-01
7.742004140353927477e-01,8.307440460287605077e-01,6.966326083998757301e-01
7.786299048959708369e-01,8.351658354032553966e-01,7.056575348770285361e-01
7.831767744210778037e-01,8.395693347691707276e-01,7.146400376285435563e-01
7.878395008263333610e-01,8.439555805131108146e-01,7.235776689046244936e-01
7.926164004981938183e-01,8.483256450057401477e-01,7.324680735963550182e-01
7.975056365648437451e-01,8.526806350188064210e-01,7.413089913403353437e-01
8.025052276559829778e-01,8.570216901457757830e-01,7.500982583709312479e-01
8.076130567667316740e-01,8.613499812385196908e-01,7.588338091106546779e-01
8.128268801406399735e-01,8.656667088736468285e-01,7.675136774889996794e-01
8.181443360868798642e-01,8.699731018633843904e-01,7.761359979795583452e-01
8.235629536463630052e-01,8.742704158276185522e-01,7.846990063443044505e-01
8.290801610210144501e-01,8.785599318457053553e-01,7.932010400724753829e-01
8.346932936788394874e-01,8.828429552092819099e-01,8.016405384993122718e-01
8.403996020448569748e-01,8.871208143005137048e-01,8.100160425868698777e-01
8.461962586832633137e-01,8.913948596244481992e-01,8.183261943448241205e-01
8.520803648691485099e-01,8.956664630295173568e-01,8.265697358633697922e-01
8.580489564372510980e-01,8.999370171573360944e-01,8.347455079222894092e-01
8.640990087795518138e-01,9.042079351723045777e-01,8.428524481293342419e-01
8.702274408409216289e-01,9.084806508340159681e-01,8.508895885260893133e-01
8.764311179297843424e-01,9.127566189923881357e-01,8.588560525787840572e-01
8.827068531150401576e-01,9.170373166085967753e-01,8.667510514427462232e-01
8.890514069152445353e-01,9.213242444369933448e-01,8.745738793486106388e-01
8.954614848924283832e-01,9.256189295485275359e-01,8.823239079004810970e-01
9.019337326270069344e-01,9.299229289411816701e-01,8.900005789921086041e-01
9.084647273498069886e-01,9.342378345780389948e-01,8.976033959227113224e-01
9.150509652063956167e-01,9.385652803357291685e-01,9.051319121059021588e-01
9.216888426660523326e-01,9.429069515640305932e-01,9.125857164735799998e-01
9.283746298574464539e-01,9.472645983010440363e-01,9.199644142117443524e-01
9.351044324218279469e-01,9.516400537486068290e-01,9.272676006991595887e-01
9.418741364583766984e-01,9.560352605609697685e-01,9.344948252086178186e-01
9.486793275670341030e-01,9.604523091793976119e-01,9.416455385826061342e-01
9.555151683272639085e-01,9.648934955845412942e-01,9.487190146577347827e-01
9.623762052531669164e-01,9.693614121045156518e-01,9.557142262545327283e-01
9.692560474646870761e-01,9.738590984984619725e-01,9.626296369108847673e-01
9.761467899124619541e-01,9.783903132919246071e-01,9.694628216224799866e-01
9.830378606022792676e-01,9.829600767007601325e-01,9.762096946195234493e-01
9.899133039952782154e-01,9.875759520190517948e-01,9.828626493077302628e-01
9.967431971020214165e-01,9.922521020550038040e-01,9.894045306451376698e-01
1.003410877078282581e+00,9.970437826621093569e-01,9.957555575207212017e-01
