1.987250802391268381e-05,1.958680178891895828e-05,1.952928953696901807e-05
2.974030237363240077e-04,3.587804162024633395e-04,3.387828180285656584e-04
8.039744876642113645e-04,1.046907723422839344e-03,9.676550900741024645e-04
1.486597728149532515e-03,2.054708308718838829e-03,1.865864552293807974e-03
2.313514036722563380e-03,3.369863310678840145e-03,3.010293919240083615e-03
3.261520646039608052e-03,4.985984260401110126e-03,4.383729386621753113e-03
4.312181158735606257e-03,6.899670122173179668e-03,5.971785660754303990e-03
5.450159536142684495e-03,9.109278929959640711e-03,7.761623302414420375e-03
6.662342762407592704e-03,1.161430018364244428e-02,9.741302533668996441e-03
7.937326431607681643e-03,1.441499152987445534e-02,1.189941998240194587e-02
9.265091068744995412e-03,1.751214918559913097e-02,1.422489002375443637e-02
1.063678833643033443e-02,2.090695292537619529e-02,1.670680758262950774e-02
1.204459497855419649e-02,2.460085572886473379e-02,1.933436030895517230e-02
1.348161073817440679e-02,2.859550170791275159e-02,2.209677244803200102e-02
1.494178600673467736e-02,3.289266276122439214e-02,2.498327003034478411e-02
1.641987023447804769e-02,3.749418810161835730e-02,2.798306096758055445e-02
1.791137521549086495e-02,4.234281392456982346e-02,3.108532591341563872e-02
1.941254924695097472e-02,4.716384867509667428e-02,3.427921711045063546e-02
2.092035936030355037e-02,5.194609335976217018e-02,3.755386329369138354e-02
2.243247960818743961e-02,5.669265410933722188e-02,4.088940410915973406e-02
2.394728392138242498e-02,6.140618479062785046e-02,4.413696987705668234e-02
2.546384241690830691e-02,6.608895794710081817e-02,4.728498520546500078e-02
2.698192029779025725e-02,7.074292163051365545e-02,5.033482036863955872e-02
2.850197867207572219e-02,7.536974546993083224e-02,5.328761688902538401e-02
3.002517675611006409e-02,7.997085842294729408e-02,5.614432665125131811e-02
3.155337502976421349e-02,8.454748002220840997e-02,5.890574430100300324e-02
3.308913898931003378e-02,8.910064648018509170e-02,6.157253431311695419e-02
3.463574320381417049e-02,9.363123268949630207e-02,6.414525378189170346e-02
3.619717542810824834e-02,9.813997091716436527e-02,6.662437174356272696e-02
3.777814056293590794e-02,1.026274668136697987e-01,6.901028566033359790e-02
3.938406428324531944e-02,1.070942132242159173e-01,7.130333555968712544e-02
4.100918238662328713e-02,1.115406021881845400e-01,7.350381621965348944e-02
4.262361463747266904e-02,1.159669354349033565e-01,7.561198771168936572e-02
4.424396372853634657e-02,1.203734336235129931e-01,7.762808455166425592e-02
4.587718023024674879e-02,1.247602445275674543e-01,7.955232366172743097e-02
4.753023758189921927e-02,1.291274503278501962e-01,8.138491130830785569e-02
4.921010363269946036e-02,1.334750741473848812e-01,8.312604915177868037e-02
5.092370816224670721e-02,1.378030859390491913e-01,8.477593951963960373e-02
5.267790701715312912e-02,1.421114078172110162e-01,8.633478999607868687e-02
5.447944361982456213e-02,1.463999189094501996e-01,8.780281740546583280e-02
5.633490871451931475e-02,1.506684597919110968e-01,8.918025125493453387e-02
5.825069930497561027e-02,1.549168365615893883e-01,9.046733669111217679e-02
6.023297779827827686e-02,1.591448245904301395e-01,9.166433701782222832e-02
6.228763239385961409e-02,1.633521719991468113e-01,9.277153581482094902e-02
6.442023973942684334e-02,1.675386028828938778e-01,9.378923869208038999e-02
6.663603081499711034e-02,1.717038203161070919e-01,9.471777470954975686e-02
6.893986090330769811e-02,1.758475091598007412e-01,9.555749748855174586e-02
7.133618436397129448e-02,1.799693386912374071e-01,9.630878603784637226e-02
7.382903475758353928e-02,1.840689650730429894e-01,9.697204531481354306e-02
7.642201067423637362e-02,1.881460336764489427e-01,9.754770654007688391e-02
7.911826742002686652e-02,1.922001812713240720e-01,9.803622728212754711e-02
8.192051451677828666e-02,1.962310380939424337e-01,9.843809132706696219e-02
8.483101878532095519e-02,2.002382298019966811e-01,9.875380834740798974e-02
8.785161262068111321e-02,2.042213793251235754e-01,9.898391338291673280e-02
9.098370693539059584e-02,2.081801086181798155e-01,9.912896614572117016e-02
9.422830814915247877e-02,2.121140403236165817e-01,9.918955016131741909e-02
9.758603854091177365e-02,2.160227993485501208e-01,9.916627175666498095e-02
1.010571592517502948e-01,2.199060143614957052e-01,9.905975890625465241e-02
1.046415952310499331e-01,2.237633192131941451e-01,9.887065994684579584e-02
1.083389614491659936e-01,2.275943542854968471e-01,9.859964217151290233e-02
1.121485897518864905e-01,2.313987677719083202e-01,9.824739031368417974e-02
1.160695557993327576e-01,2.351762168930435215e-01,9.781460493203336659e-02
1.201007056087425029e-01,2.389263690500040282e-01,9.730200070737557438e-02
1.242406813017776779e-01,2.426489029184344393e-01,9.671030466315294616e-02
1.284879457378828582e-01,2.463435094858462127e-01,9.604025432167204168e-02
1.328408057926134811e-01,2.500098930346214554e-01,9.529259580901242033e-02
1.372974341108734175e-01,2.536477720729946039e-01,9.446808192247399538e-02
1.418558892282222872e-01,2.572568802161907531e-01,9.356747017562663804e-02
1.465141340078462140e-01,2.608369670198105728e-01,9.259152083748689588e-02
1.512700523861160440e-01,2.643877987674801422e-01,9.154099498416914948e-02
1.561214644562784748e-01,2.679091592147211376e-01,9.041665258357367563e-02
1.610661399482180567e-01,2.714008502909375231e-01,8.921925063640373521e-02
1.661018101832112126e-01,2.748626927613810333e-01,8.794954140016003619e-02
1.712261785972257477e-01,2.782945268509048886e-01,8.660827072685745032e-02
1.764369299354081044e-01,2.816962128312922586e-01,8.519617655028172143e-02
1.817317382250994706e-01,2.850676315738993050e-01,8.371398756482828496e-02
1.871082736357355669e-01,2.884086850693324822e-01,8.216242214567270885e-02
1.925642083322987863e-01,2.917192969158388660e-01,8.054218756956446623e-02
1.980972214251937036e-01,2.949994127780511399e-01,7.885397960739329304e-02
2.037050031141360851e-01,2.982490008177096641e-01,7.709848257445944819e-02
2.093852581174180938e-01,3.014680520979206579e-01,7.527636994286848737e-02
2.151357084711030820e-01,3.046565809624880994e-01,7.338830564367337939e-02
2.209540957756502833e-01,3.078146253917958819e-01,7.143494621563420410e-02
2.268381829603537403e-01,3.109422473366787454e-01,6.941694399444484076e-02
2.327857556291467178e-01,3.140395330316501088e-01,6.733495158326877061e-02
2.387946230446626461e-01,3.171065932888066929e-01,6.518962790533344709e-02
2.448626188012873461e-01,3.201435637736539941e-01,6.298164621612598046e-02
2.509876012321107797e-01,3.231506052640331084e-01,6.071170455150729645e-02
2.571674535894483138e-01,3.261279038932404784e-01,5.838053921578890276e-02
2.634000840337208382e-01,3.290756713783632437e-01,5.598894207966385178e-02
2.696834254611631398e-01,3.319941452347483501e-01,5.353778267425018250e-02
2.760154351969130726e-01,3.348835889774413044e-01,5.102803635102839269e-02
2.823940945765404664e-01,3.377442923103229910e-01,4.846082015055094144e-02
2.888174084360217719e-01,3.405765713035691089e-01,4.583743851572843336e-02
2.952834045274133068e-01,3.433807685599495896e-01,4.315944163887543844e-02
3.017901328751239065e-01,3.461572533703592969e-01,4.042836982664417544e-02
3.083356650855887948e-01,3.489064218588694422e-01,3.765802235817564125e-02
3.149180936213503701e-01,3.516286971174407694e-01,3.495718791635261252e-02
3.215355310489540486e-01,3.543245293303375898e-01,3.233347883055050220e-02
3.281861092687799464e-01,3.569943958881222623e-01,2.979460906482842009e-02
3.348679787336759084e-01,3.596388014910062436e-01,2.734840935928965766e-02
3.415793076623667157e-01,3.622582782411652436e-01,2.500284369117804911e-02
3.483182812526766647e-01,3.648533857235146671e-01,2.276602703635902808e-02
3.550831008989405735e-01,3.674247110742868694e-01,2.064624440975167813e-02
3.618719834173532157e-01,3.699728690366125838e-01,1.865197116120946574e-02
3.686831602824816589e-01,3.724985020021802096e-01,1.679189450121480395e-02
3.755148768777477608e-01,3.750022800378993715e-01,1.507493622856895775e-02
3.823653917623482945e-01,3.774849008963555019e-01,1.351027662995236966e-02
3.892329759567315639e-01,3.799470900087261183e-01,1.210737951873666965e-02
3.961159122485671258e-01,3.823896004586848640e-01,1.087601837777267717e-02
4.030124945208983234e-01,3.848132129356975351e-01,9.826303567944416964e-03
4.099210271040298892e-01,3.872187356660078406e-01,8.968710561042241708e-03
4.168398241525499426e-01,3.896070043194895804e-01,8.314109151984272472e-03
4.237672090488187049e-01,3.919788818904355043e-01,7.873793601467615755e-03
4.307015138341221405e-01,3.943352585502759577e-01,7.659513655784625126e-03
4.376410786686616983e-01,3.966770514701252193e-01,7.683506385784692055e-03
4.445842513214967040e-01,3.990052046109807682e-01,7.958528781660832718e-03
4.515293866914943943e-01,4.013206884793548701e-01,8.497891034496858967e-03
4.584748463603475765e-01,4.036244998460589706e-01,9.315490429201161646e-03
4.654189981786603370e-01,4.059176614258476756e-01,1.042584576662231033e-02
4.723602158861243683e-01,4.082012215155968460e-01,1.184413222523938991e-02
4.792968787667732378e-01,4.104762535887165886e-01,1.358621656487859174e-02
4.862273713402866515e-01,4.127438558435055915e-01,1.566869256639358624e-02
4.931500830903349786e-01,4.150051507032059828e-01,1.810891659220412522e-02
5.000634082309249884e-01,4.172612842655694099e-01,2.092504314303035920e-02
5.069657455117042577e-01,4.195134256998431233e-01,2.413606027609093568e-02
5.138554980631875324e-01,4.217627665891752753e-01,2.776182473951082849e-02
5.207310732828308586e-01,4.240105202165747045e-01,3.182309666679750126e-02
5.275908827629051112e-01,4.262579207927053582e-01,3.634157366395162486e-02
5.344333422610666462e-01,4.285062226239718108e-01,4.131940183893801494e-02
5.412568717145400665e-01,4.307566992195406286e-01,4.646676415404945443e-02
5.480598952987880690e-01,4.330106423361689827e-01,5.171783810740916004e-02
5.548408415315249087e-01,4.352693609599435631e-01,5.706629574212757766e-02
5.615981434229108116e-01,4.375341802242961320e-01,6.250730889567873705e-02
5.683302386727197009e-01,4.398064402639517145e-01,6.803722560443281608e-02
5.750355699152633893e-01,4.420874950047483098e-01,7.365331749503223335e-02
5.817125850127811137e-01,4.443787108896086746e-01,7.935358201522133004e-02
5.883597373979972955e-01,4.466814655412678081e-01,8.513658692270309469e-02
5.949754864664884568e-01,4.489971463627035475e-01,9.100134734155793104e-02
6.015582980194345009e-01,4.513271490766027072e-01,9.694722796636426332e-02
6.081066447573072464e-01,4.536728762055410313e-01,1.029738647458666168e-01
6.146190068249699490e-01,4.560357354949512998e-01,1.090811017159917795e-01
6.210938724085764973e-01,4.584171382813360673e-01,1.152689396688982293e-01
6.275297383846539789e-01,4.608184978085504979e-01,1.215374941161630196e-01
6.339251110215989859e-01,4.632412274953848219e-01,1.278869605897596795e-01
6.402785067338080394e-01,4.656867391580278848e-01,1.343175857696060904e-01
6.465884528885369464e-01,4.681564411913723966e-01,1.408296432659386921e-01
6.528534886655257274e-01,4.706517367134694374e-01,1.474234131444592533e-01
6.590721659693135059e-01,4.731740216777681751e-01,1.540991644817036876e-01
6.652430503940883755e-01,4.757246829580975001e-01,1.608571403919623888e-01
6.713647222408100079e-01,4.783050964116237203e-01,1.676975450862638328e-01
6.774357775862409614e-01,4.809166249252853631e-01,1.746205326166940519e-01
6.834548294034222815e-01,4.835606164514201777e-01,1.816261970317777363e-01
6.894205087330029791e-01,4.862384020385101535e-01,1.887145637255076280e-01
6.953314659047380442e-01,4.889512938630942718e-01,1.958855818074035082e-01
7.011863718083339858e-01,4.917005832690455880e-01,2.031391173564124353e-01
7.069839192127134186e-01,4.944875388204474365e-01,2.104749474495554162e-01
7.127228241326296621e-01,4.973134043743580590e-01,2.178927548786113721e-01
7.184018272414659512e-01,5.001793971797054983e-01,2.253921234859715961e-01
7.240196953288750015e-01,5.030867060085255638e-01,2.329725340650772303e-01
7.295752228018301810e-01,5.060364893256205088e-01,2.406333607822688236e-01
7.350672332275053344e-01,5.090298735025649002e-01,2.483738680860315129e-01
7.404945809162511994e-01,5.120679510818155755e-01,2.561932080769233622e-01
7.458561525428153427e-01,5.151517790964162957e-01,2.640904183173020670e-01
7.511508688038124326e-01,5.182823774505264103e-01,2.720644200646121225e-01
7.563776861092896819e-01,5.214607273657035913e-01,2.801140169156032811e-01
7.615355983061181666e-01,5.246877698975097593e-01,2.882378938517151656e-01
7.666236384307709706e-01,5.279644045266586039e-01,2.964346166780031933e-01
7.716408804889197670e-01,5.312914878285193154e-01,3.047026318495955621e-01
7.765864412591239052e-01,5.346698322244012314e-01,3.130402666808036471e-01
7.814594821177587303e-01,5.381002048175957952e-01,3.214457299327591056e-01
7.862592108821582215e-01,5.415833263167461054e-01,3.299171127758602218e-01
7.909848836688174734e-01,5.451198700486713511e-01,3.384523901234387511e-01
7.956358067633572118e-01,5.487104610623407819e-01,3.470494223329586014e-01
8.002113384987965539e-01,5.523556753252794049e-01,3.557059572707296224e-01
8.047108911385296715e-01,5.560560390132680553e-01,3.644196327356402643e-01
8.091339327602914411e-01,5.598120278938071293e-01,3.731879792367651105e-01
8.134799891371935487e-01,5.636240668034588897e-01,3.820084231189417867e-01
8.177486456118617797e-01,5.674925292187953385e-01,3.908782900295347251e-01
8.219395489594601978e-01,5.714177369204072043e-01,3.997948087186379840e-01
8.260524092353506154e-01,5.753999597490929707e-01,4.087551151639490787e-01
8.300870016029223697e-01,5.794394154531252727e-01,4.177562570104395578e-01
8.340431681370720218e-01,5.835362696252276438e-01,4.267951983138340566e-01
8.379208195986245222e-01,5.876906357277279502e-01,4.358688245757494362e-01
8.417199371748983472e-01,5.919025752041887634e-01,4.449739480571756611e-01
8.454405741815150810e-01,5.961720976756683665e-01,4.541073133558209407e-01
8.490828577204184713e-01,6.004991612196770578e-01,4.632656032316849193e-01
8.526469902889818320e-01,6.048836727298357863e-01,4.724454446641070393e-01
8.561332513350073947e-01,6.093254883541616707e-01,4.816434151224381899e-01
8.595419987523006400e-01,6.138244140099224921e-01,4.908560490314574642e-01
8.628736703114948670e-01,6.183802059729579526e-01,5.000798444116812957e-01
8.661287850206719208e-01,6.229925715394075691e-01,5.093112696737940315e-01
8.693079444103422038e-01,6.276611697577783033e-01,5.185467705456322518e-01
8.724118337372925858e-01,6.323856122293344262e-01,5.277827771094014686e-01
8.754412231017930646e-01,6.371654639748021154e-01,5.370157109261910477e-01
8.783969684726847804e-01,6.420002443654323487e-01,5.462419922243274550e-01
8.812800126148891966e-01,6.468894281164556670e-01,5.554580471276928666e-01
8.840913859139192255e-01,6.518324463410150038e-01,5.646603148998613486e-01
8.868322070920582334e-01,6.568286876626441284e-01,5.738452551797373902e-01
8.895036838110053079e-01,6.618774993843212773e-01,5.830093551843534838e-01
8.921071131558525602e-01,6.669781887121555286e-01,5.921491368545842571e-01
8.946438819954738442e-01,6.721300240316521180e-01,6.012611639197739111e-01
8.971154672146189890e-01,6.773322362344491587e-01,6.103420488576379865e-01
8.995234358131581898e-01,6.825840200933329660e-01,6.193884597263074054e-01
9.018694448683013398e-01,6.878845356831909674e-01,6.283971268460188941e-01
9.041552413558656687e-01,6.932329098454225180e-01,6.373648493087114009e-01
9.063826618270366398e-01,6.986282376931660654e-01,6.462885012946836261e-01
9.085536319375183689e-01,7.040695841544776234e-01,6.551650381764710929e-01
9.106701658264065857e-01,7.095559855503866808e-01,6.639915023912147385e-01
9.127343653426487347e-01,7.150864512045150834e-01,6.727650290640262432e-01
9.147484191175805357e-01,7.206599650806495561e-01,6.814828513661704834e-01
9.167146014826524913e-01,7.262754874443932973e-01,6.901423055933014750e-01
9.186352712322300995e-01,7.319319565446880116e-01,6.987408359504816424e-01
9.205128702322147305e-01,7.376282903106514688e-01,7.072759990322727841e-01
9.223499218760845553e-01,7.433633880588497167e-01,7.157454679878209047e-01
9.241490293910743503e-01,7.491361322056975247e-01,7.241470363625324147e-01
9.259128739983567558e-01,7.549453899792804012e-01,7.324786216096584868e-01
9.276442129323978492e-01,7.607900151244519904e-01,7.407382682668645080e-01
9.293458773261122907e-01,7.666688495945744863e-01,7.489241507946459153e-01
9.310207699701855688e-01,7.725807252227252508e-01,7.570345760752413833e-01
9.326718629567893881e-01,7.785244653646105073e-01,7.650679855725286416e-01
9.343021952200977198e-01,7.844988865047612947e-01,7.730229571551863188e-01
9.359148699885337930e-01,7.905027998168291381e-01,7.808982065872481781e-01
9.375130521666268368e-01,7.965350126678832909e-01,7.886925886919955442e-01
9.390999656676907170e-01,8.025943300556021009e-01,7.964050981969815757e-01
9.406788907226567575e-01,8.086795559659613053e-01,8.040348702698173478e-01
9.422531611951068253e-01,8.147894946374996117e-01,8.115811807562267610e-01
9.438261619383806478e-01,8.209229517163660894e-01,8.190434461337945393e-01
9.454013262376351756e-01,8.270787352839823470e-01,8.264212231967864586e-01
9.469821333883406966e-01,8.332556567362099376e-01,8.337142084895046157e-01
9.485721064734385921e-01,8.394525314891273515e-01,8.409222375078270195e-01
9.501748104149062568e-01,8.456681794816649500e-01,8.480452836909920800e-01
9.517938503925772453e-01,8.519014254390718799e-01,8.550834572283677604e-01
9.534328707452234264e-01,8.581510988529196249e-01,8.620370037090024917e-01
9.550955544978320111e-01,8.644160336224089303e-01,8.689063026453761607e-01
9.567856236971356010e-01,8.706950672871419661e-01,8.756918659071112332e-01
9.585068407887508135e-01,8.769870397616836843e-01,8.823943361057763335e-01
9.602630113391058542e-01,8.832907914550646167e-01,8.890144849787395831e-01
9.620579885018384347e-01,8.896051606205506168e-01,8.955532118288023202e-01
9.638956797642898033e-01,8.959289797275464817e-01,9.020115420879968315e-01
9.657800567044935169e-01,9.022610705706652912e-01,9.083906260895515672e-01
9.677151687742363562e-01,9.086002377182307299e-01,9.146917381535504266e-01
9.697051625504539141e-01,9.149452597335608894e-01,9.209162761219431559e-01
9.717543085528156377e-01,9.212948773426055116e-01,9.270657615217801073e-01
9.738670387611617629e-01,9.276477773108475766e-01,9.331418405989267972e-01
9.760479996591376883e-01,9.340025701210887821e-01,9.391462865600657128e-01
9.783021285037757364e-01,9.403577584040961890e-01,9.450810035092204187e-01
9.806347656242874189e-01,9.467116910497584970e-01,9.509480328039027208e-01
9.830518251201368907e-01,9.530624941318103227e-01,9.567495629567882576e-01
9.855600654828117202e-01,9.594079621818115688e-01,9.624879449157909272e-01
9.881675433124662566e-01,9.657453768298166485e-01,9.681657158814110931e-01
9.908844340637600334e-01,9.720711798645612634e-01,9.737856375063379533e-01
9.937246857144462764e-01,9.783803159374403480e-01,9.793507603319256960e-01
9.967099484395841591e-01,9.846646725752398188e-01,9.848645416546367715e-01
9.998821031930448244e-01,9.909081098468658366e-01,9.903310902876613087e-01
1.003410877078282581e+00,9.970437826621093569e-01,9.957555575207212017e-01
