1.987250802391268381e-05,1.958680178891895828e-05,1.952928953696901807e-05
4.041420208034687779e-04,3.168530049779362729e-04,3.376358890166136100e-04
1.218080541686320873e-03,8.843303953482463398e-04,9.626283588024861894e-04
2.447048592649176107e-03,1.677821949424046239e-03,1.852902800850523505e-03
4.091507238510956948e-03,2.672501173104828518e-03,2.983945255837773709e-03
6.156683466004724860e-03,3.850978033501119540e-03,4.337084096428277420e-03
8.650034967647450904e-03,5.199860700272371933e-03,5.896428099774958694e-03
1.158023771332840519e-02,6.708268404235733298e-03,7.647597937503333547e-03
1.495668275505535744e-02,8.367055076627409257e-03,9.577094430906565176e-03
1.878918866585241668e-02,1.016835525744171249e-02,1.167194979335990646e-02
2.308781952589953820e-02,1.210529727404000520e-02,1.391952341788814905e-02
2.786276002953384096e-02,1.417181174286440311e-02,1.630737900885361608e-02
3.312422390855012527e-02,1.636249826793369916e-02,1.882321090727520629e-02
3.888238296547705253e-02,1.867252960465558970e-02,2.145480186411054604e-02
4.492090521534800734e-02,2.109758097927653259e-02,2.419000181082771664e-02
5.092057023599385474e-02,2.363377688581055555e-02,2.701672113300402842e-02
5.689399136445804500e-02,2.627765037354217251e-02,2.992293422031784902e-02
6.284452437385457113e-02,2.902611147478566592e-02,3.289669042677535044e-02
6.877491351219866544e-02,3.187642245663547397e-02,3.592613042345019908e-02
7.468740006189761305e-02,3.482617825549257085e-02,3.899950647320685193e-02
8.058380680763729820e-02,3.787329090645439461e-02,4.205836968539260895e-02
8.646560471431308237e-02,4.100419006279396733e-02,4.499875401679472725e-02
9.233396624954068321e-02,4.409114532644001910e-02,4.783132423373186864e-02
9.818980853014133703e-02,4.713213169710903788e-02,5.055742489248723354e-02
1.040338286106370913e-01,5.013038089791000546e-02,5.317823922558382460e-02
1.098665326295424349e-01,5.308892858992455416e-02,5.569482095972145413e-02
1.156882601010414124e-01,5.601064184689737852e-02,5.810812070816891856e-02
1.214992043304685965e-01,5.889824204464993301e-02,6.041900798956709867e-02
1.272994297056688207e-01,6.175432403452230795e-02,6.262828968269226748e-02
1.330888864484577605e-01,6.458137227867455366e-02,6.473672554676904167e-02
1.388674232844605283e-01,6.738177448085438948e-02,6.674504130180708428e-02
1.446347983940590165e-01,7.015783313644607944e-02,6.865393966090915789e-02
1.503906889339874098e-01,7.291177534119971937e-02,7.046410962794838473e-02
1.561346993624872503e-01,7.564576113256121781e-02,7.217623431330147388e-02
1.618663687567655773e-01,7.836189058630099735e-02,7.379099747300227330e-02
1.675851772767598946e-01,8.106220985076634244e-02,7.530908893952478755e-02
1.732905519016712248e-01,8.374871626903684918e-02,7.673120908301619969e-02
1.789818715437499763e-01,8.642336271367134781e-02,7.805807241840215238e-02
1.846584716261569503e-01,8.908806123816520595e-02,7.929041045504869878e-02
1.903196481974374910e-01,9.174468613263420114e-02,8.042897387055758518e-02
1.959646616435261057e-01,9.439507645777117650e-02,8.147453407803770253e-02
2.015927400486971499e-01,9.704103812014505670e-02,8.242788424622030097e-02
2.072030822490552038e-01,9.968434554293956196e-02,8.328983982361470861e-02
2.127948606157026301e-01,1.023267429788730365e-01,8.406123861117317797e-02
2.183672235993514565e-01,1.049699455059878161e-01,8.474294042235169799e-02
2.239192980636745545e-01,1.076156397420056643e-01,8.533582636480513406e-02
2.294501914309386992e-01,1.102654843088245185e-01,8.584079777405270728e-02
2.349589936603129758e-01,1.129211100753092500e-01,8.625877482614374703e-02
2.404447790765795179e-01,1.155841202036913262e-01,8.659069485353823592e-02
2.459066080647224761e-01,1.182560900225198552e-01,8.683751038598699901e-02
2.513435286439534289e-01,1.209385667471207237e-01,8.700018693607533549e-02
2.567545779330986933e-01,1.236330690668477339e-01,8.707970054721975162e-02
2.621387835178771164e-01,1.263410866169845104e-01,8.707703512022454961e-02
2.674951647294042112e-01,1.290640793519306495e-01,8.699317953295943040e-02
2.728227338422278270e-01,1.318034768352466246e-01,8.682912456628405495e-02
2.781204971993188613e-01,1.345606774611827483e-01,8.658585964796833290e-02
2.833874562706836797e-01,1.373370476214732794e-01,8.626436942502002658e-02
2.886226086515982225e-01,1.401339208303940265e-01,8.586563017349152505e-02
2.938249490059128277e-01,1.429525968203497199e-01,8.539060605347045807e-02
2.989934699593719825e-01,1.457943406195549851e-01,8.484024521553260034e-02
3.041271629474820992e-01,1.486603816226904906e-01,8.421547576341439911e-02
3.092250190220931505e-01,1.515519126647406623e-01,8.351720157601705274e-02
3.142860296205408077e-01,1.544700891075416749e-01,8.274629799003693775e-02
3.193091873009354931e-01,1.574160279478923619e-01,8.190360734248949837e-02
3.242934864469450562e-01,1.603908069553843241e-01,8.098993437009796570e-02
3.292379239452218886e-01,1.633954638474170995e-01,8.000604145988982063e-02
3.341414998384595880e-01,1.664309955081457459e-01,7.895264374231333870e-02
3.390032179569162363e-01,1.694983572573967312e-01,7.783040401464516589e-02
3.438220865311298891e-01,1.725984621748605230e-01,7.663992747830947194e-02
3.485971187884405742e-01,1.757321804841437407e-01,7.538175626880697089e-02
3.533273335358623757e-01,1.789003390005388106e-01,7.405636375109800329e-02
3.580117557317799570e-01,1.821037206456481705e-01,7.266414854623631792e-02
3.626494170488841484e-01,1.853430640312947741e-01,7.120542824656292402e-02
3.672393564307371294e-01,1.886190631144570862e-01,6.968043276642130190e-02
3.717806206443082240e-01,1.919323669243018782e-01,6.808929726269533078e-02
3.762722648308242102e-01,1.952835793617349047e-01,6.643205454385794906e-02
3.807133530572461289e-01,1.986732590712906310e-01,6.470862686682662956e-02
3.851029588706971207e-01,2.021019193845935980e-01,6.291881699666607153e-02
3.894401658581574943e-01,2.055700283340990420e-01,6.106229837359358065e-02
3.937240682137560510e-01,2.090780087353152905e-01,5.913860419287670506e-02
3.979537713160001822e-01,2.126262383352701679e-01,5.714711515341629883e-02
4.021283923172977448e-01,2.162150500245819673e-01,5.508704556638840261e-02
4.062470607481559748e-01,2.198447321101402729e-01,5.295742743127242885e-02
4.103089191384450274e-01,2.235155286451065981e-01,5.075709197575428017e-02
4.143131236581632515e-01,2.272276398126883423e-01,4.848464800832449212e-02
4.182588447801432463e-01,2.309812223599458370e-01,4.613845623332921836e-02
4.221452679671748864e-01,2.347763900777357637e-01,4.371659840666727165e-02
4.259715943860578613e-01,2.386132143227894797e-01,4.121683983483018926e-02
4.297370416510893909e-01,2.424917245778764330e-01,3.863011041125391509e-02
4.334408445995688308e-01,2.464119090459718220e-01,3.604495466951915944e-02
4.370822561018631869e-01,2.503737152743989447e-01,3.348430671724049457e-02
4.406605479086508348e-01,2.543770508049589263e-01,3.095369219301456754e-02
4.441750115379454189e-01,2.584217838461763672e-01,2.845876336972345821e-02
4.476249592045374315e-01,2.625077439639171284e-01,2.600531860744690130e-02
4.510097247944701571e-01,2.666347227868025027e-01,2.359932298759643068e-02
4.543286648872171818e-01,2.708024747230184937e-01,2.124693009019900172e-02
4.575811598281758763e-01,2.750107176853550106e-01,1.895450487489858116e-02
4.607666148541254558e-01,2.792591338215033026e-01,1.672864762480882894e-02
4.638844612742543672e-01,2.835473702469235024e-01,1.457621891076702619e-02
4.669341577093495954e-01,2.878750397778249703e-01,1.250436553178834766e-02
4.699151913917085088e-01,2.922417216620792901e-01,1.052054738551502257e-02
4.728270795282741301e-01,2.966469623061701588e-01,8.632565220180583865e-03
4.756693707294600837e-01,3.010902759965448650e-01,6.848589217012875964e-03
4.784416465060404300e-01,3.055711456140325910e-01,5.177188349027674920e-03
4.811435228364033256e-01,3.100890233402660012e-01,3.627360458803621877e-03
4.837746518063818502e-01,3.146433313553186895e-01,2.208562994040170341e-03
4.863347233237184652e-01,3.192334625260594416e-01,9.307443354374669246e-04
4.888234669091403028e-01,3.238587810849715698e-01,-1.956243532690825349e-04
4.912406535657982132e-01,3.285186232994660727e-01,-1.159516828520213783e-03
4.935860977287078177e-01,3.332122981319537991e-01,-1.949319104467955909e-03
4.958596592955725746e-01,3.379390878911862628e-01,-2.552796512127249867e-03
4.980612457401685789e-01,3.426982488756079581e-01,-2.957060574091265482e-03
5.001908143092052006e-01,3.474890120096685853e-01,-3.148535795895805040e-03
5.022483743032635228e-01,3.523105834742529807e-01,-3.112926482677658927e-03
5.042339894421161706e-01,3.571621453325714013e-01,-2.835183697734001019e-03
5.061477803143489274e-01,3.620428561530217859e-01,-2.299472487892811542e-03
5.079899269108025806e-01,3.669518516306959910e-01,-1.489139509215042529e-03
5.097606712409137319e-01,3.718882452093364432e-01,-3.866811953902304639e-04
5.114603200305370967e-01,3.768511287056769410e-01,1.026287379814711008e-03
5.130892474992752028e-01,3.818395729382073611e-01,2.769062785593642741e-03
5.146478982147649761e-01,3.868526283624842410e-01,4.861882493103431881e-03
5.161367900207052273e-01,3.918893257151885301e-01,7.325952931909736170e-03
5.175565170346869692e-01,3.969486766691813773e-01,1.018347615656251329e-02
5.189077527111248811e-01,4.020296745018423490e-01,1.345767492754405305e-02
5.201912529637184868e-01,4.071312947789998415e-01,1.717281600275612219e-02
5.214078593409673390e-01,4.122524960567528485e-01,2.135423142821852444e-02
5.225585022472496455e-01,4.173922206034863525e-01,2.602833760980098263e-02
5.236442042009162856e-01,4.225493951443140550e-01,3.122265194179138503e-02
5.246660831196543473e-01,4.277229316301771611e-01,3.696580676295151829e-02
5.256253556221689438e-01,4.329117280337116402e-01,4.318482604767470007e-02
5.265233403338513973e-01,4.381146691739493115e-01,4.945295606195048571e-02
5.273614611827184273e-01,4.433306275717904810e-01,5.574818626665093563e-02
5.281412506703384580e-01,4.485584643380838288e-01,6.207837800116133148e-02
5.288643531009054044e-01,4.537970300960070813e-01,6.844998661913406779e-02
5.295325277498793559e-01,4.590451659392952855e-01,7.486838037755386144e-02
5.301476519518542041e-01,4.643017044277024108e-01,8.133806776702359742e-02
5.307117240854589690e-01,4.695654706208976514e-01,8.786286293965228644e-02
5.312268664311402544e-01,4.748352831518123929e-01,9.444600827295154821e-02
5.316953278757133861e-01,4.801099553402423115e-01,1.010902666244359316e-01
5.321194864354992227e-01,4.853882963473020173e-01,1.077979917551291911e-01
5.325018515678350273e-01,4.906691123710854030e-01,1.145711827700612861e-01
5.328450662386321479e-01,4.959512078836580407e-01,1.214115266873573018e-01
5.331519087116206590e-01,5.012333869092546745e-01,1.283204320769928131e-01
5.334252940229038398e-01,5.065144543432927859e-01,1.352990559063219911e-01
5.336682751025122462e-01,5.117932173115532501e-01,1.423483251678547279e-01
5.338840435028512355e-01,5.170684865686011600e-01,1.494689544661451375e-01
5.340759296923049959e-01,5.223390779342415025e-01,1.566614604537519551e-01
5.342474028708317224e-01,5.276038137665319816e-01,1.639261737969202604e-01
5.344020702632736874e-01,5.328615244695725783e-01,1.712632491970465798e-01
5.345436758452988268e-01,5.381110500340310354e-01,1.786726738785124335e-01
5.346760984565406272e-01,5.433512416080464869e-01,1.861542748662547431e-01
5.348033492555768209e-01,5.485809630958977667e-01,1.937077253098913598e-01
5.349295684720859478e-01,5.537990927815316100e-01,2.013325500599524309e-01
5.350590214128118083e-01,5.590045249737682909e-01,2.090281306618914647e-01
5.351960936799894375e-01,5.641961716697423412e-01,2.167937099022459457e-01
5.353452855637310659e-01,5.693729642328729801e-01,2.246283960165444960e-01
5.355112055735190557e-01,5.745338550814168554e-01,2.325311666487508977e-01
5.356985630786005315e-01,5.796778193834158932e-01,2.405008726360947646e-01
5.359121600326961499e-01,5.848038567536321120e-01,2.485362416801599750e-01
5.361568817650209651e-01,5.899109929478744130e-01,2.566358819544840575e-01
5.364376868274012278e-01,5.949982815499058608e-01,2.647982856901192616e-01
5.367595958959238134e-01,6.000648056459900737e-01,2.730218327732740757e-01
5.371276797354165300e-01,6.051096794819640357e-01,2.813047943829677378e-01
5.375470462457750953e-01,6.101320500976229466e-01,2.896453366913853689e-01
5.380228266208503252e-01,6.151310989330955881e-01,2.980415246451221245e-01
5.385601606630231464e-01,6.201060434018265122e-01,3.064913258416065434e-01
5.391641813096739178e-01,6.250561384247388386e-01,3.149926145116079268e-01
5.398399984412354247e-01,6.299806779201327922e-01,3.235431756157516880e-01
5.405926820541970823e-01,6.348789962438983192e-01,3.321407090603156753e-01
5.414272448960466555e-01,6.397504695746658587e-01,3.407828340352442864e-01
5.423486246723828730e-01,6.445945172385934008e-01,3.494670934751983871e-01
5.433616659490170253e-01,6.494106029685902115e-01,3.581909586425613412e-01
5.444711018833922056e-01,6.541982360929412543e-01,3.669518338296173243e-01
5.456815359298958779e-01,6.589569726484322265e-01,3.757470611755478473e-01
5.469974236721091287e-01,6.636864164133080557e-01,3.845739255925034739e-01
5.484230549415205491e-01,6.683862198556050904e-01,3.934296597937212425e-01
5.499625363864379946e-01,6.730560849926807698e-01,4.023114494155088927e-01
5.516197746564642790e-01,6.776957641580250158e-01,4.112164382238839289e-01
5.533984603667979618e-01,6.823050606717846467e-01,4.201417333957235267e-01
5.553020530026424595e-01,6.868838294117464160e-01,4.290844108634603304e-01
5.573337669171600783e-01,6.914319772819071952e-01,4.380415207116356568e-01
5.594965585666120678e-01,6.959494635761341863e-01,4.470100926130023411e-01
5.617931151137994794e-01,7.004363002348305001e-01,4.559871412913407140e-01
5.642258445158556679e-01,7.048925519929354344e-01,4.649696719977200465e-01
5.667968671949801251e-01,7.093183364180442041e-01,4.739546859866004547e-01
5.695080093715022551e-01,7.137138238378527566e-01,4.829391859779301188e-01
5.723607981177322168e-01,7.180792371566090404e-01,4.919201815912322417e-01
5.753564581692044433e-01,7.224148515607254906e-01,5.008946947376095027e-01
5.784959105075385688e-01,7.267209941141411500e-01,5.098597649556289024e-01
5.817797727065598945e-01,7.309980432445231102e-01,5.188124546771366585e-01
5.852083610113847367e-01,7.352464281218448194e-01,5.277498544092664723e-01
5.887816940990318049e-01,7.394666279313414359e-01,5.366690878191506808e-01
5.924994984494775796e-01,7.436591710432843838e-01,5.455673167082139008e-01
5.963612152380886045e-01,7.478246340824826754e-01,5.544417458633282836e-01
6.003660086446750421e-01,7.519636409008004785e-01,5.632896277726173739e-01
6.045127754608087267e-01,7.560768614564375989e-01,5.721082671942417930e-01
6.088001558662891055e-01,7.601650106040712673e-01,5.808950255671123664e-01
6.132265452372799297e-01,7.642288468003475277e-01,5.896473252531604370e-01
6.177901068430844411e-01,7.682691707295482564e-01,5.983626536015169695e-01
6.224887852854741332e-01,7.722868238545809172e-01,6.070385668257016754e-01
6.273203205340367461e-01,7.762826868987373619e-01,6.156726936857689347e-01
6.322822624126909208e-01,7.802576782639377706e-01,6.242627389681641992e-01
6.373719853965650328e-01,7.842127523913936527e-01,6.328064867569493934e-01
6.425867035839367691e-01,7.881488980708813985e-01,6.413018034909231391e-01
6.479234857154846372e-01,7.920671367049386680e-01,6.497466408021103090e-01
6.533792701213666509e-01,7.959685205345116144e-01,6.581390381319838223e-01
6.589508794864166186e-01,7.998541308326567734e-01,6.664771251227453730e-01
6.646350353338256189e-01,8.037250760730346721e-01,6.747591237819078325e-01
6.704283721383679229e-01,8.075824900799862816e-01,6.829833504193640881e-01
6.763274509910648380e-01,8.114275301670476059e-01,6.911482173570377974e-01
6.823287727479360187e-01,8.152613752707725814e-01,6.992522344121273603e-01
6.884287906059922690e-01,8.190852240867608769e-01,7.072940101558503612e-01
6.946239220597442143e-01,8.229002932147733151e-01,7.152722529504577098e-01
7.009105602010203828e-01,8.267078153198049728e-01,7.231857717681460240e-01
7.072850843337240567e-01,8.305090373159799144e-01,7.310334767963156954e-01
7.137438698833102890e-01,8.343052185800879927e-01,7.388143798344168900e-01
7.202832975879456257e-01,8.380976292016046880e-01,7.465275944884036674e-01
7.268997619647969977e-01,8.418875482760109774e-01,7.541723361695432670e-01
7.335896790503018128e-01,8.456762622482787428e-01,7.617479219050617978e-01
7.403494934178930231e-01,8.494650633134510631e-01,7.692537699687679309e-01
7.471756844803002506e-01,8.532552478813620889e-01,7.766893993404971885e-01
7.540647720862432291e-01,8.570481151127269381e-01,7.840544290038433672e-01
7.610133214231415977e-01,8.608449655341176010e-01,7.913485770922853435e-01
7.680179472382870909e-01,8.646470997397175395e-01,7.985716598944706535e-01
7.750753173907750648e-01,8.684558171883153266e-01,8.057235907300428490e-01
7.821821557453905172e-01,8.722724151046872265e-01,8.128043787080723170e-01
7.893352444172934135e-01,8.760981874955405813e-01,8.198141273808560170e-01
7.965314253730044758e-01,8.799344242914367564e-01,8.267530333066197556e-01
8.037676013882192327e-01,8.837824106278359126e-01,8.336213845355096019e-01
8.110407363565946826e-01,8.876434262806024433e-01,8.404195590342582456e-01
8.183478549351184128e-01,8.915187452742127094e-01,8.471480230660539679e-01
8.256860415007162279e-01,8.954096356847208726e-01,8.538073295435592014e-01
8.330524383785363751e-01,8.993173596645422929e-01,8.603981163747517202e-01
8.404442432840236732e-01,9.032431737227153423e-01,8.669211048233925743e-01
8.478587058967104184e-01,9.071883293031547391e-01,8.733770979087135400e-01
8.552931234519681736e-01,9.111540737152235003e-01,8.797669788724102879e-01
8.627448351943310945e-01,9.151416514870405194e-01,8.860917097456602054e-01
8.702112154783424591e-01,9.191523062340024586e-01,8.923523300549990322e-01
8.776896652232093476e-01,9.231872831657003120e-01,8.985499557140211868e-01
8.851776013159298184e-01,9.272478323977741965e-01,9.046857781590094127e-01
8.926724433979170703e-01,9.313352132975987185e-01,9.107610638018464044e-01
9.001715972370781804e-01,9.354507001840178804e-01,9.167771538950040267e-01
9.076724335392128973e-01,9.395955898381926907e-01,9.227354649339833959e-01
9.151722605189465121e-01,9.437712114927671037e-01,9.286374897671849649e-01
9.226682877081970879e-01,9.479789402987043312e-01,9.344847996498594211e-01
9.301575771060234255e-01,9.522202158115283810e-01,9.402790475813155302e-01
9.376369754434600301e-01,9.564965679591203029e-01,9.460219734275286951e-01
9.451030172024753595e-01,9.608096545870218330e-01,9.517154116007789932e-01
9.525517802852591087e-01,9.651613177380579112e-01,9.573613025351120909e-01
9.599786607406964878e-01,9.695536719479972421e-01,9.629617100546102870e-01
9.673779993052432635e-01,9.739892511483630999e-01,9.685188484268932863e-01
9.747424111667938318e-01,9.784712729510079976e-01,9.740351265750780696e-01
9.820614429120678723e-01,9.830041690948948530e-01,9.795132260067161978e-01
9.893183930095311718e-01,9.875948425882762338e-01,9.849562560842958225e-01
9.964802027339157986e-01,9.922566679054886096e-01,9.903681410173094113e-01
1.003410877078282581e+00,9.970437826621093569e-01,9.957555575207212017e-01
