0.0000208612309326197836,0.0000200048714121613121,0.0000198463295491030259
0.000301961549031220502,0.000367317448121434959,0.000377812135466094933
0.00081297314636217719,0.00106961895495498753,0.00110853638274739609
0.00149831529732666249,0.00209602298318291953,0.00218055666775329292
0.00232303356505359762,0.00343369655697436764,0.00357897258800411039
0.00326047166428950581,0.00507621894729566592,0.00529403806084833076
0.0042885100770274345,0.00702046892495246985,0.00731823541592611232
0.00538790419493028958,0.00926532329676358658,0.00964508772811297106
0.00654140731546341749,0.0118109911450791204,0.0122685688325328279
0.00773325615777404815,0.0146586282196297171,0.0151827725175242949
0.0089488474514289422,0.0178100933136877832,0.0183817115179562979
0.0101745249260332994,0.0212677838706913438,0.0218591884745350032
0.011397434596284518,0.0250345190444025458,0.0256087100318769037
0.0126054245934637665,0.0291134527647900591,0.0296234284968193151
0.013786975310430263,0.0335080066080303829,0.0338961020931041954
0.014931150901566527,0.0382218161983478022,0.0384190683881220907
0.016027566264513668,0.0431575330837992779,0.0430870997494242
0.0170663655175088171,0.0480565253638040798,0.0476673376620495928
0.0180382091840485918,0.0529239603528295147,0.0521660567245245885
0.0189342680815994119,0.0577633206106287558,0.0565850073013096019
0.0197462224397483878,0.0625776191518407077,0.0609255327905453906
0.020466265137791418,0.0673694716172049679,0.0651886402426838651
0.0210871082084852328,0.072141154012869052,0.0693750570807219746
0.0216019919388708362,0.0768946494400795377,0.073485277233729801
0.022004696033357047,0.0816316863165076623,0.0775195990978428395
0.0222895524036794551,0.0863537699449570262,0.0814781571109741698
0.0224514592249667119,0.091062208825171298,0.085360948280785609
0.0224858959538683685,0.0957581367715653331,0.0891678546827701091
0.0223889390483814968,0.100442531655429129,0.0928986627089543326
0.0221572781630633014,0.105116231408607069,0.0965530796723994
0.0217882326201787047,0.109779947789115345,0.100130748241091333
0.0212797679788533749,0.114434278305364068,0.10363125907498355
0.0206305125417465228,0.119079716615921233,0.107054161963464844
0.0198397736531664287,0.123716661659953431,0.110398975701384433
0.0189075536546077401,0.128345425725137519,0.113665196895643195
0.0178345653740414993,0.132966241621720022,0.116852307858119009
0.0166222470342881692,0.13757926910110449,0.119959783712004997
0.015272776473796228,0.142184600633108643,0.122987098815779433
0.0137890845804994177,0.146782266636481778,0.125933732590713998
0.0121748678461185578,0.151372240241431838,0.128799174823055862
0.0104345999547037719,0.155954441649971409,0.131582930500071749
0.00857354232531352262,0.160528742149284892,0.134284524229421803
0.00659775353468606673,0.165094967824551631,0.13690350428339465
0.00451409755163522958,0.169652903010406642,0.139439446303050135
0.00233025072065465213,0.174202293514168771,0.141891956691983123
0.0000547074380805223618,0.178742849638897694,0.144260675725054632
0.,0.183274249030097564,0.146545280393832883
0.,0.187796139366291359,0.148745487007538174
0.,0.192308140910659953,0.150861053565855691
0.,0.196809848938364174,0.152891781917999819
0.,0.201300836051976184,0.154837519720796957
0.,0.205780654395585627,0.156698162207244807
0.,0.210248837776539577,0.158473653775959927
0.,0.21470490370242673,0.160163989411097246
0.,0.2191483553397362,0.161769215941677785
0.,0.223578683399630274,0.163289433148781887
0.,0.227995367955418582,0.164724794728703966
0.,0.23239788019557972,0.166075509119942066
0.,0.236785684115571216,0.167341840201740144
0.,0.241158238151126081,0.168524107871862949
0.,0.245514996755293646,0.169622688511290254
0.,0.249855411921102499,0.170638015343606259
0.,0.254178934651408284,0.171570578696989662
0.,0.258485016377229482,0.172420926176899303
0.,0.262773110325657366,0.173189662757768925
0.,0.267042672838251394,0.17387745080228964
0.,0.271293164640700413,0.174485010017147751
0.,0.275524052064418434,0.175013117354411829
0.,0.279734808220667375,0.175462606868104415
0.,0.283924914127745676,0.175834369535866425
0.,0.288093859791746842,0.176129353056015903
0.,0.292241145241378508,0.176348561630703504
0.,0.296366281517327412,0.17649305574630822
0.,0.300468791616672337,0.176563951962644627
0.,0.304548211392870083,0.176562422723024304
0.,0.308604090411867538,0.176489696197672991
0.,0.31263599276493359,0.176347056173493222
0.,0.316643497838854759,0.176135842003644877
0.,0.320626201044174941,0.175857448630914431
0.,0.324583714502226672,0.175513326699336308
0.,0.328515667691741342,0.17510498276901787
0.,0.332421708055883669,0.174633979649606502
0.000379352380832080345,0.336301501570617889,0.17410193686829703
0.00833237749316583995,0.340154733275348897,0.17351053128871155
0.0170625615034908119,0.343981107766848371,0.17286149789738342
0.0265997763026316267,0.347780349657515142,0.172156630774914526
0.0369738410462072606,0.351552203999061397,0.171397784269140957
0.0476952581789234012,0.355296436672768889,0.170586874387816001
0.0577662763499261836,0.359012834747481802,0.169725880428355486
0.0673583969024010576,0.362701206806546606,0.168816846862088948
0.0765994348074873488,0.366361383244931116,0.167861885490141194
0.0855752127355348113,0.369993216537779224,0.166863177887519809
0.0943461169824977575,0.373596581481672796,0.165822978151123346
0.102956172556448039,0.377171375409888543,0.164743615966174428
0.111438377934545307,0.380717518382939657,0.163627500003910964
0.119818017623548712,0.384234953355691966,0.162477121661188467
0.128114811896885866,0.387723646322344573,0.161295059149824727
0.136344363600061552,0.391183586440547792,0.160083981939968506
0.144519162066296503,0.394614786135918605,0.158846655557352029
0.152649298073590095,0.398017281188193572,0.157585946728855064
0.160742984563602004,0.401391130800220763,0.156304828864242656
0.168806943378104007,0.404736417650980507,0.155006387854036448
0.176846697466527258,0.40805324793376635,0.153693828154103152
0.184866795059078826,0.411341751380620124,0.152370479116523877
0.192870983999541334,0.414602081274081047,0.151039801513475652
0.200862348983276429,0.417834414447236957,0.149705394186063712
0.208843420789838252,0.421038951273019935,0.148371000733208358
0.216816264097370315,0.424215915643629982,0.147040516136697608
0.22478254872294201,0.427365554940897341,0.145717993197454071
0.232743607898710014,0.430488139998334407,0.144407648634947428
0.240700486307062422,0.433583965055551523,0.143113868676844946
0.248653979952083548,0.43665334770563724,0.141841213939781302
0.25660466946837901,0.439696628836030279,0.140594423375166616
0.26455294811317609,0.442714172563324293,0.139378417027134688
0.272499045419800301,0.445706366162368972,0.13819829732417252
0.280443047286789648,0.44867361998994798,0.137059348603128184
0.288384913120328434,0.45161636740322858,0.135967034545993015
0.296324490526330975,0.454535064673081635,0.134926993198161732
0.304261527953676503,0.457430190892309463,0.133945029234237928
0.312195685615601737,0.460302247878696502,0.133027103146464543
0.32012654495705023,0.463151760072739782,0.132179317054224421
0.328053616888680621,0.465979274429814294,0.131407896873377589
0.335976348970369432,0.468785360306443077,0.13071917064373223
0.343894131696448668,0.471570609340264124,0.130119542893283119
0.351806304010131354,0.474335635323188398,0.129615465019635667
0.359712158154298522,0.477081074067177979,0.129213401791519522
0.367610943949184921,0.479807583261978754,0.128919794214113453
0.375501872573798912,0.482515842324078348,0.128741019156768277
0.383384119916595378,0.485206552236073507,0.128683346304251073
0.391256829551409058,0.487880435375574739,0.128752893154623238
0.399119115386845857,0.490538235332698969,0.1289555789384072
0.406970064030668266,0.49318071671514524,0.129297078463883025
0.414808736905155073,0.495808664939797195,0.1297827769911509
0.422634172144718934,0.498422886009735444,0.130417727292772428
0.430445386303097921,0.501024206275500927,0.131206610063228202
0.43824137589399409,0.503613472179426425,0.132153698787929791
0.446021118786182835,0.506191549981798494,0.133262830074051014
0.453783575471621792,0.508759325467610379,0.134537380283199032
0.461527690222960751,0.511317703632632847,0.135980249097778394
0.469252392155009745,0.513867608347537974,0.137593850410517415
0.476956596203148397,0.516409981998797618,0.139380110664736601
0.484639204030289761,0.518945785105095259,0.141340474507834934
0.492299104872792437,0.521475995908005308,0.143475917368522554
0.499935176334701581,0.524001609935729196,0.145786964344295084
0.507546285138775866,0.526523639538696076,0.148273714601602574
0.515131287841953833,0.529043113395911813,0.150935870355275226
0.522689031522221126,0.531561075990965026,0.153772769410110893
0.530218354443206308,0.534078587056697529,0.156783420215975383
0.537718086702315246,0.536596720987591036,0.159966538404527236
0.545187050867664946,0.539116566219047577,0.163320583834073774
0.552624062608730315,0.541639224572788902,0.166843797260558285
0.560027931325143391,0.544165810567755814,0.17053423586774083
0.567397460777785301,0.546697450695976306,0.174389807018860976
0.574731449726006094,0.549235282662985047,0.178408299726704828
0.58202869257445955,0.551780454592544323,0.182587413471540089
0.589287980032873082,0.554334124195525191,0.186924784121042936
0.596508099791749125,0.556897457902966853,0.191418006818710101
0.603687837216837497,0.559471629963484984,0.196064655804787158
0.610825976064992782,0.562057821505360544,0.200862301215076478
0.617921299223844533,0.564657219563801105,0.20580852296804808
0.624972589477538198,0.567271016074029522,0.21090092190016485
0.631978630300654154,0.569900406831036266,0.2161371283446471
0.638938206682238885,0.572546590416986745,0.22151480837174764
0.645850105981738309,0.575210767097460107,0.227031667920879476
0.652713118818510907,0.577894137687856357,0.232685455058640689
0.659526039996414459,0.580597902391476906,0.238473960593588163
0.666287669464897481,0.583323259610946443,0.244395017270399306
0.672996813317823017,0.586071404734808454,0.250446497754086894
0.679652284831198439,0.588843528901268121,0.256626311600591461
0.686252905540831071,0.591640817741198033,0.262932401394285586
0.692797506360796955,0.594464450102681563,0.26936273821655049
0.699284928743541978,0.597315596759442236,0.275915316593201343
0.705714025882243079,0.60019541910568297,0.282588149052658499
0.712083663956037283,0.603105067839899811,0.289379260411649131
0.718392723418504464,0.606045681640361655,0.296286681891137715
0.724640100329751014,0.609018385834998344,0.30330844515220734
0.730824707732307566,0.61202429106850087,0.310442576329838349
0.736945477070888755,0.61506449196948143,0.317687090131913763
0.743001359656019322,0.618140065820567686,0.325039984061328169
0.74899132817134717,0.621252071234298153,0.332499232810691658
0.754914378224382565,0.624401546837705434,0.340062782871755232
0.760769529940247824,0.627589509968430659,0.347728547395219911
0.766555829597937222,0.630816955385172573,0.355494401330969378
0.772272351308415761,0.63408485399525083,0.363358176873870731
0.77791819873379775,0.637394151601947456,0.37131765923603699
0.783492506846699022,0.640745767674260836,0.379370582762766584
0.78899444372872185,0.64414059414157665,0.387514627406179812
0.794423212406923818,0.647579494215681395,0.395747415567778593
0.799778052726963673,0.651063301242420955,0.404066509318744271
0.80505824326150488,0.654592817585179842,0.412469408004634552
0.81026310325232398,0.65816881354226664,0.420953546239264453
0.815391994584408919,0.66179202630010503,0.429516292290847701
0.820444323790255004,0.6654631589240525,0.438154946861964323
0.825419544082375722,0.6691828793884943,0.446866742263500594
0.830317157411958107,0.672951819647748528,0.455648841981414587
0.835136716551440172,0.676770574749179343,0.464498340633969164
0.839877827198665994,0.680639701989778745,0.473412264315874742
0.844540150100179354,0.684559720117356552,0.48238757132471205
0.849123403191033299,0.688531108577370321,0.491421153263858879
0.853627363748473256,0.692554306806272946,0.500509836515112494
0.858051870556666207,0.696629713572192499,0.509650384073118468
0.862396826079605216,0.700757686363613352,0.518839497732667687
0.866662198639227999,0.70493854082664209,0.528073820618882417
0.870848024595695214,0.709172550251360168,0.537349940049256958
0.874954410526771031,0.71345994510763544,0.546664390715490445
0.878981535403173697,0.71780091263070922,0.556013658172000436
0.882929652756794581,0.722195596456754907,0.565394182616979157
0.886799092838698288,0.726644096308524667,0.574802362950845525
0.890590264763857942,0.7311464677310896,0.584234561095914984
0.894303658639732268,0.735702721877565136,0.593687106560134015
0.897939847675877534,0.740312825344597192,0.603156301226746683
0.901499490272071546,0.744976700057217389,0.612638424350805844
0.904983332082635927,0.749694223202540089,0.62212973774252478
0.908392208055061601,0.7544652272115423,0.631626491116556998
0.911727044441486556,0.75928949978794924,0.641124927585433046
0.914988860782121716,0.76416678398297333,0.650621289274526893
0.918178771860508114,0.769096778314296459,0.660111823035128942
0.92129798963129006,0.77407913692732444,0.669592786231388515
0.924347825122354805,0.779113469796225311,0.679060452576119356
0.927329690314440791,0.784199342961731105,0.688511117989671573
0.930245100003008418,0.789336278801988978,0.697941106455291949
0.933095673649088853,0.794523756331938946,0.70734677584354344
0.935883137228285422,0.799761211525729543,0.716724523677467529
0.938609325090011382,0.805048037655537563,0.726070792809151211
0.941276181842733872,0.810383585638724924,0.735382076977192933
0.943885764285383622,0.815767164383616406,0.74465492621314866
0.946440243410639259,0.821198041122110922,0.75388595206329756
0.948941906512626887,0.82667544171482199,0.763071832589888643
0.951393159440061198,0.832198550911385615,0.772209317113202065
0.953796529046612274,0.837766512544717679,0.781295230652127248
0.956154665903788614,0.843378429633223958,0.790326478016148304
0.958470347358899244,0.84903336435891319,0.799300047495311472
0.960746481042857536,0.854730337881630775,0.808213014086256454
0.962986108961346399,0.860468329939687471,0.817062542181073326
0.965192412340712846,0.866246278174115702,0.825845887630341613
0.967368717449956894,0.872063077096630002,0.83456039907072932
0.96951850268750428,0.877917576598316818,0.843203518378620731
0.971645407312965781,0.883808579864796329,0.851772780070955915
0.973753242330557378,0.889734840520420955,0.860265809417664951
0.975846004208383078,0.895695058763467444,0.868680318948846786
0.977927892371712848,0.901687876167640456,0.877014102921708449
0.980003331778736109,0.907711868698794056,0.88526502913735694
0.982077002439789015,0.913765537307164588,0.893431027232829411
0.984153878586773945,0.919847295166584034,0.901510072163420717
0.986239281531246736,0.925955450177167072,0.909500160936042246
0.988338952417824657,0.93208818060694576,0.917399279576622706
0.99045915474732904,0.938243500493906035,0.92520535547051419
0.992606823034751895,0.944419209209907073,0.932916186914954038
0.994789786091043182,0.95061281543989995,0.940529335490677076
0.997017117604674374,0.956821417551952158,0.948041954290393396
0.999299719098175276,0.963041504394993253,0.955450497511251773
1.,0.969268597306292112,0.962750189814473578
1.,0.975496533496025164,0.969933944662059511
1.,0.981715774499696381,0.976989759998041163
1.,0.987908052125345937,0.983892291231998395
1.,0.994000868618791888,0.990528868543822605