1.987250802391268381e-05,1.958680178891895828e-05,1.952928953696901807e-05
3.960458405244394716e-04,3.266726602943686259e-04,2.744844825642682993e-04
1.182169168132135659e-03,9.233589592252390522e-04,7.265859384501787560e-04
2.353858881857472801e-03,1.770630540942838083e-03,1.322308769632666312e-03
3.901337777406232218e-03,2.848569576654159333e-03,2.029591941840433195e-03
5.819078801875596403e-03,4.144580021053447319e-03,2.825167601292356574e-03
8.103280565259355847e-03,5.650029720246547288e-03,3.690692542278591146e-03
1.075087956058209775e-02,7.358800572074981547e-03,4.611028469931941105e-03
1.375907548207767027e-02,9.266530443461644395e-03,5.573324596193536540e-03
1.712507304620121407e-02,1.137016785446991370e-02,6.566469990497102865e-03
2.084592929486006954e-02,1.366768873714711147e-02,7.580740066753872269e-03
2.491845769211024908e-02,1.615790548362640647e-02,8.607554609417139915e-03
2.933916517569518448e-02,1.884033233041218156e-02,9.639304282085181183e-03
3.410420949640511484e-02,2.171508702343682290e-02,1.066922138958089662e-02
3.920936967277040969e-02,2.478281686220140667e-02,1.169128042744219803e-02
4.446084038381167142e-02,2.804464169995165776e-02,1.270011936506200423e-02
4.962810541885357557e-02,3.150210907675585897e-02,1.369097577519093160e-02
5.472406138534129799e-02,3.515715824218010321e-02,1.465963385919482644e-02
5.975130671567071422e-02,3.901209082184390470e-02,1.560237964690031065e-02
6.471195826892733871e-02,4.297848133607774096e-02,1.651596245540744995e-02
6.960773461774777404e-02,4.690827444117506156e-02,1.739756123354577189e-02
7.444002156257623071e-02,5.081445547470001683e-02,1.824475479236330189e-02
7.920992431208906392e-02,5.470047921175718447e-02,1.905549518483734203e-02
8.391830951134574001e-02,5.856949308353715661e-02,1.982808368607035659e-02
8.856583943660573111e-02,6.242437723881497785e-02,2.056114896188237368e-02
9.315300007279220251e-02,6.626777755723362029e-02,2.125362711429877594e-02
9.768012436097719964e-02,7.010213307602261579e-02,2.190474336729876861e-02
1.021474115938978966e-01,7.392969894570389222e-02,2.251399521242567620e-02
1.065549437110959730e-01,7.775256577586997508e-02,2.308113687642613515e-02
1.109026990774064081e-01,8.157267604263621075e-02,2.360616500548754285e-02
1.151905642026237186e-01,8.539183808660172348e-02,2.408930548541336411e-02
1.194183437646859358e-01,8.921173812143093351e-02,2.453100133605726207e-02
1.235857692256014384e-01,9.303395058951291485e-02,2.493190163289432312e-02
1.276925062727936599e-01,9.685994713621415286e-02,2.529285141975439258e-02
1.317381612744552288e-01,1.006911044233552710e-01,2.561488258525144307e-02
1.357222869028360812e-01,1.045287109623734556e-01,2.589920568189576014e-02
1.396443870519239183e-01,1.083739731156611874e-01,2.614720267172698787e-02
1.435039211540767856e-01,1.122280203889518269e-01,2.636042058589973050e-02
1.473003079825640216e-01,1.160919101169569367e-01,2.654056608826522654e-02
1.510329290127534474e-01,1.199666316276787048e-01,2.668950093483271613e-02
1.547011314031324636e-01,1.238531099571160976e-01,2.680923832223287839e-02
1.583042306478925354e-01,1.277522091748357347e-01,2.690194011907195981e-02
1.618415129450512246e-01,1.316647353715848234e-01,2.696991497446563427e-02
1.653122373176770799e-01,1.355914393524253747e-01,2.701561729815668209e-02
1.687156375204741932e-01,1.395330190724456132e-01,2.704164710651543388e-02
1.720509237595395924e-01,1.434901218467395934e-01,2.705075072844405348e-02
1.753172842494361838e-01,1.474633463618299223e-01,2.704582236479582263e-02
1.785138866285914672e-01,1.514532445119125548e-01,2.702990649440525570e-02
1.816398792514332672e-01,1.554603230800844227e-01,2.700620111922511640e-02
1.846943923734682413e-01,1.594850452819862319e-01,2.697806184039510530e-02
1.876765392436283431e-01,1.635278321869808316e-01,2.694900675633293483e-02
1.905854171166429800e-01,1.675890640300008727e-01,2.692272217314774924e-02
1.934201081968320302e-01,1.716690814255248942e-01,2.690306911682275107e-02
1.961796805235777597e-01,1.757681864936849192e-01,2.689409063570287126e-02
1.988631888077622700e-01,1.798866439072799583e-01,2.690001988084135542e-02
2.014696752276182723e-01,1.840246818674084184e-01,2.692528895070206776e-02
2.039981701917388257e-01,1.881824930145226671e-01,2.697453848557471515e-02
2.064476930764147511e-01,1.923602352809256899e-01,2.705262799582256253e-02
2.088172529439315528e-01,1.965580326900716046e-01,2.716464690673428203e-02
2.111058492480727411e-01,2.007759761074438543e-01,2.731592630129315441e-02
2.133124725327139037e-01,2.050141239473058374e-01,2.751205134057117460e-02
2.154361051291104889e-01,2.092725028391942410e-01,2.775887433972079599e-02
2.174757218572681561e-01,2.135511082576681541e-01,2.806252847563188088e-02
2.194302907366206257e-01,2.178499051185222579e-01,2.842944210025148341e-02
2.212987737111128395e-01,2.221688283444170908e-01,2.886635363131872037e-02
2.230801273937389473e-01,2.265077834026586467e-01,2.938032698981604338e-02
2.247733038355435586e-01,2.308666468176807096e-01,2.997876755080730940e-02
2.263772513241490980e-01,2.352452666606248410e-01,3.066943857147569688e-02
2.278909152169193431e-01,2.396434630182968095e-01,3.146047805711709583e-02
2.293132388140116662e-01,2.440610284436616206e-01,3.236041602256227445e-02
2.306431642767270973e-01,2.484977283899698075e-01,3.337819210300775608e-02
2.318796335968028033e-01,2.529533016305265392e-01,3.452317346450969188e-02
2.330215896225694139e-01,2.574274606660712506e-01,3.580517296047199677e-02
2.340679771482284122e-01,2.619198921216915332e-01,3.723446747630713288e-02
2.350177440729335765e-01,2.664302571351619409e-01,3.882181640011095336e-02
2.358698426368244228e-01,2.709581917385787686e-01,4.057617647306795833e-02
2.366232307417459602e-01,2.755033072351413814e-01,4.245203837870394764e-02
2.372768733650403306e-01,2.800651905729260038e-01,4.445841296626278777e-02
2.378297440755717251e-01,2.846434047174828397e-01,4.659576025158577300e-02
2.382808266620254356e-01,2.892374890250913322e-01,4.886413562988988629e-02
2.386291168845688926e-01,2.938469596184993815e-01,5.126323505182592971e-02
2.388736243621250588e-01,2.984713097669737247e-01,5.379244180029633254e-02
2.390133746088891620e-01,3.031100102724860745e-01,5.645087317926370668e-02
2.390474112352776737e-01,3.077625098638586687e-01,5.923742569141459552e-02
2.389747983303332490e-01,3.124282356006798378e-01,6.215081757915994626e-02
2.387946230446626461e-01,3.171065932888066929e-01,6.518962790533344709e-02
2.385059983954020968e-01,3.217969679092482216e-01,6.835233163444576210e-02
2.381080663174842682e-01,3.264987240622153619e-01,7.163733042757944314e-02
2.376000009886439779e-01,3.312112064281035884e-01,7.504297907550311342e-02
2.369810124593271783e-01,3.359337402471482825e-01,7.856760766224277215e-02
2.362503506228759154e-01,3.406656318194673516e-01,8.220953967631466908e-02
2.354073095663278825e-01,3.454061690271698071e-01,8.596710637289650681e-02
2.344512323478258331e-01,3.501546218801624977e-01,8.983865774296675988e-02
2.333815162532680842e-01,3.549102430872463354e-01,9.382257047093994773e-02
2.321976185924209402e-01,3.596722686540331226e-01,9.791725326672359730e-02
2.308990631036214047e-01,3.644399185091492521e-01,1.021211499469845407e-01
2.294854470464559593e-01,3.692123971601336541e-01,1.064327406185870128e-01
2.279564490737748250e-01,3.739888943803379995e-01,1.108505412886503227e-01
2.263118379882733677e-01,3.787685859280692235e-01,1.153731021935891499e-01
2.245514825050282659e-01,3.835506342991104600e-01,1.199990051062522489e-01
2.226753621601857969e-01,3.883341895136467326e-01,1.247268598475185231e-01
2.206835795278267454e-01,3.931183899385238822e-01,1.295553001976316176e-01
2.185763739325163879e-01,3.979023631456296561e-01,1.344829793738563650e-01
2.163541368746147997e-01,4.026852268070658103e-01,1.395085652150946931e-01
2.140174294198184390e-01,4.074660896276385280e-01,1.446307351910756100e-01
2.115670018443444600e-01,4.122440523150447955e-01,1.498481713335777510e-01
2.090038158734535689e-01,4.170182085879792222e-01,1.551595551697242947e-01
2.063290699045454701e-01,4.217876462222100442e-01,1.605635627225146800e-01
2.035442276676948103e-01,4.265514481345215048e-01,1.660588596311404763e-01
2.006510508473450805e-01,4.313086935042146353e-01,1.716440964330892549e-01
1.976516362695233120e-01,4.360584589316873760e-01,1.773179040412072582e-01
1.945484583502679055e-01,4.407998196334230179e-01,1.830788894416502111e-01
1.913444176031583732e-01,4.455318506725012839e-01,1.889256316326725083e-01
1.880428961164035684e-01,4.502536282235579113e-01,1.948566778193493720e-01
1.846478210315421198e-01,4.549642308708997107e-01,2.008705398753907190e-01
1.811637371829648846e-01,4.596627409382743612e-01,2.069656910800314331e-01
1.775958901843728288e-01,4.643482458485797548e-01,2.131405631354507113e-01
1.739503213649961910e-01,4.690198395115743879e-01,2.193935434681349994e-01
1.702339760491247134e-01,4.736766237374426258e-01,2.257229728159977356e-01
1.664548267133497683e-01,4.783177096738510659e-01,2.321271431017784548e-01
1.626220125112960990e-01,4.829422192639062916e-01,2.386042955922260123e-01
1.587459964741672613e-01,4.875492867222327997e-01,2.451526193417525867e-01
1.548387413047309646e-01,4.921380600261711646e-01,2.517702499185717202e-01
1.509139039839137442e-01,4.967077024188922274e-01,2.584552684107931375e-01
1.469870482710625981e-01,5.012573939210512863e-01,2.652057007094673069e-01
1.430758724355674361e-01,5.057863328473902742e-01,2.720195170651693584e-01
1.392004470081498468e-01,5.102937373245575170e-01,2.788946319143299490e-01
1.353834537661255943e-01,5.147788468062231004e-01,2.858289039711682245e-01
1.316504123642349977e-01,5.192409235814410273e-01,2.928201365807319712e-01
1.280298748701145795e-01,5.236792542720601906e-01,2.998660783282013909e-01
1.245535610378116498e-01,5.280931513148771073e-01,3.069644238992545460e-01
1.212563989000522147e-01,5.324819544241222724e-01,3.141128151859196027e-01
1.181764272167911412e-01,5.368450320297887268e-01,3.213088426319568036e-01
1.153545103387181026e-01,5.411817826872435955e-01,3.285500468114103123e-01
1.128338149264516699e-01,5.454916364535425943e-01,3.358339202335447471e-01
1.106590052849018846e-01,5.497740562258183195e-01,3.431579093669523961e-01
1.088751334846592700e-01,5.540285390371479934e-01,3.505194168751749606e-01
1.075262342954294292e-01,5.582546173053160032e-01,3.579158040557089970e-01
1.066536822961532127e-01,5.624518600299394100e-01,3.653443934738143661e-01
1.062944231939303430e-01,5.666198739335116530e-01,3.728024717820707656e-01
1.064792414286780953e-01,5.707583045420123735e-01,3.802872927161577432e-01
1.072312559262557918e-01,5.748668372008629568e-01,3.877960802568627408e-01
1.085648312474840615e-01,5.789451980221533844e-01,3.953260319478879570e-01
1.104850463718172471e-01,5.829931547592538399e-01,4.028743223585549704e-01
1.129877847588244555e-01,5.870105176051101381e-01,4.104381066801148226e-01
1.160604160188443978e-01,5.909971399107657453e-01,4.180145244439409935e-01
1.196829557229671381e-01,5.949529188208765307e-01,4.256007033495398106e-01
1.238295357149984399e-01,5.988777958232770482e-01,4.331937631899435148e-01
1.284700016556427071e-01,6.027717572099282606e-01,4.407908198617611073e-01
1.335714737172297994e-01,6.066348344468962539e-01,4.483889894468984783e-01
1.390997480274375753e-01,6.104671044513321210e-01,4.559853923527185660e-01
1.450204659497953408e-01,6.142686897737555940e-01,4.635771574972550879e-01
1.513000236856557601e-01,6.180397586843241475e-01,4.711614265259504442e-01
1.579062292121869437e-01,6.217805251621079110e-01,4.787353580463172276e-01
1.648087353596834614e-01,6.254912487867774207e-01,4.862961318668977406e-01
1.719792883153206664e-01,6.291722345325018173e-01,4.938409532269326108e-01
1.793918329712376192e-01,6.328238324642252444e-01,5.013670570032248142e-01
1.870225134437957515e-01,6.364464373368959871e-01,5.088717118808459006e-01
1.948496013686136508e-01,6.400404880985957057e-01,5.163522244745212264e-01
2.028533780384769725e-01,6.436064672989119106e-01,5.238059433877920723e-01
2.110159901963022944e-01,6.471449004042798547e-01,5.312302631973767619e-01
2.193212938726816219e-01,6.506563550223836145e-01,5.386226283505040069e-01
2.277546962552091658e-01,6.541414400380713978e-01,5.459805369634348482e-01
2.363030021729907726e-01,6.576008046636059312e-01,5.533015445098471430e-01
2.449542692511417208e-01,6.610351374063754282e-01,5.605832673882895634e-01
2.536976739760205546e-01,6.644451649575426888e-01,5.678233863584759566e-01
2.625233896557828128e-01,6.678316510053838861e-01,5.750196498368039810e-01
2.714224764227717857e-01,6.711953949773644679e-01,5.821698770421253055e-01
2.803867828915437288e-01,6.745372307152431857e-01,5.892719609834908834e-01
2.894088587694781944e-01,6.778580250877374036e-01,5.963238712822979126e-01
2.984818775494247345e-01,6.811586765454866743e-01,6.033236568220207152e-01
3.075995683463333408e-01,6.844401136232276528e-01,6.102694482194512826e-01
3.167561559369440616e-01,6.877032933942555104e-01,6.171594601121879187e-01
3.259463080986889083e-01,6.909491998823701353e-01,6.239919932578716910e-01
3.351650894039682194e-01,6.941788424365938903e-01,6.307654364415014037e-01
3.444079206971199514e-01,6.973932540740390706e-01,6.374782681879435087e-01
3.536705435568980316e-01,7.005934897963126406e-01,6.441290582775727191e-01
3.629489891213726893e-01,7.037806248848884616e-01,6.507164690637703419e-01
3.722395507231428535e-01,7.069557531808509099e-01,6.572392565918010465e-01
3.815387598481886355e-01,7.101199853543539442e-01,6.636962715193620577e-01
3.908433649912199659e-01,7.132744471691150334e-01,6.700864598398537098e-01
4.001503130340874348e-01,7.164202777471173622e-01,6.764088634101661501e-01
4.094567328211832224e-01,7.195586278386203460e-01,6.826626202854613190e-01
4.187599206479320491e-01,7.226906581024195031e-01,6.888469648641433185e-01
4.280573274153358088e-01,7.258175374011288650e-01,6.949612278468262350e-01
4.373465472357416228e-01,7.289404411161071184e-01,7.010048360137504098e-01
4.466253073032971366e-01,7.320605494864143026e-01,7.069773118256472699e-01
4.558914588668711576e-01,7.351790459760136898e-01,7.128782728536254831e-01
4.651429691647081532e-01,7.382971156731646944e-01,7.187074310441156078e-01
4.743779141984235115e-01,7.414159437257459295e-01,7.244645918253959094e-01
4.835944722400187801e-01,7.445367138159945108e-01,7.301496530626251369e-01
4.927909179795890160e-01,7.476606066778599402e-01,7.357626038686803094e-01
5.019656172332909172e-01,7.507887986599574015e-01,7.413035232784367379e-01
5.111170221417814519e-01,7.539224603367904454e-01,7.467725787944150539e-01
5.202436667983008078e-01,7.570627551706713421e-01,7.521700248119550514e-01
5.293441632534313657e-01,7.602108382264952668e-01,7.574962009323104040e-01
5.384171978504938005e-01,7.633678549412369341e-01,7.627515301721941032e-01
5.474615278514032291e-01,7.665349399497888294e-01,7.679365170784590022e-01
5.564759783179796804e-01,7.697132159684926256e-01,7.730517457566844497e-01
5.654594392181382378e-01,7.729037927374632355e-01,7.780978778224940662e-01
5.744108627304108650e-01,7.761077660225370600e-01,7.830756502844702371e-01
5.833292607234360494e-01,7.793262166774682642e-01,7.879858733675294546e-01
5.922137023901478114e-01,7.825602097667340162e-01,7.928294282855886665e-01
6.010633120188655365e-01,7.858107937491063399e-01,7.976072649723232599e-01
6.098772668856785595e-01,7.890789997219512797e-01,8.023203997787402564e-01
6.186547952545136120e-01,7.923658407259805969e-01,8.069699131462132469e-01
6.273951744728258895e-01,7.956723111100540979e-01,8.115569472635414394e-01
6.360977291523589594e-01,7.989993859554159750e-01,8.160827037164924969e-01
6.447618294255809124e-01,8.023480205586285274e-01,8.205484411382021337e-01
6.533868892694825181e-01,8.057191499723119765e-01,8.249554728686958605e-01
6.619723648893123258e-01,8.091136886026838448e-01,8.293051646317467496e-01
6.705177531554882275e-01,8.125325298627975590e-01,8.335989322371806232e-01
6.790225900876599718e-01,8.159765458802700211e-01,8.378382393167460584e-01
6.874864493802063103e-01,8.194465872582582522e-01,8.420245951016300801e-01
6.959089409640245583e-01,8.229434828883479547e-01,8.461595522497611377e-01
7.042897095995089840e-01,8.264680398140435980e-01,8.502447047311291195e-01
7.126284334959577249e-01,8.300210431434926761e-01,8.542816857795267893e-01
7.209248229525746510e-01,8.336032560101279687e-01,8.582721659193642827e-01
7.291786190162035108e-01,8.372154195799360599e-01,8.622178510765713400e-01
7.373895921507576112e-01,8.408582531041336461e-01,8.661204807830872321e-01
7.455575409129674425e-01,8.445324540161354143e-01,8.699818264850986971e-01
7.536822906286481105e-01,8.482386980718276126e-01,8.738036899660105439e-01
7.617636920629784480e-01,8.519776395323480633e-01,8.775879018962376987e-01
7.698016200775689155e-01,8.557499113887861997e-01,8.813363205232777053e-01
7.777959722659104624e-01,8.595561256285133567e-01,8.850508305172911649e-01
7.857466675575165427e-01,8.633968735432066000e-01,8.887333419896115139e-01
7.936536447792591487e-01,8.672727260790690229e-01,8.923857897044319420e-01
8.015168611602840887e-01,8.711842342303190989e-01,8.960101325074542045e-01
8.093362907640240245e-01,8.751319294777104574e-01,8.996083529997557227e-01
8.171119228272937240e-01,8.791163242747400686e-01,9.031824574908757786e-01
8.248437599819362642e-01,8.831379125853159318e-01,9.067344762723874574e-01
8.325318163285463369e-01,8.871971704781052015e-01,9.102664642626381308e-01
8.401761153242259805e-01,8.912945567846507489e-01,9.137805020854748994e-01
8.477766874362745453e-01,8.954305138307753209e-01,9.172786976616528198e-01
8.553335675005345751e-01,8.996054682540229885e-01,9.207631884125258015e-01
8.628467917053220804e-01,9.038198319241976808e-01,9.242361442034638941e-01
8.703163940979407043e-01,9.080740029898805021e-01,9.276997711919314771e-01
8.777424024777501499e-01,9.123683670818792946e-01,9.311563167963272658e-01
8.851248334939290086e-01,9.167032987157007762e-01,9.346080760724849723e-01
8.924636867010838914e-01,9.210791629510607370e-01,9.380573998843065864e-01
8.997589372322236656e-01,9.254963173893749895e-01,9.415067053975149092e-01
9.070105266109467212e-01,9.299551146240211397e-01,9.449584896335762041e-01
9.142183510178881756e-01,9.344559053091205936e-01,9.484153471314450412e-01
9.213822460072425002e-01,9.389990420915511615e-01,9.518799932402696173e-01
9.285019661631125354e-01,9.435848847764291003e-01,9.553552953152407712e-01
9.355771573551064924e-01,9.482138073029845460e-01,9.588443153082778503e-01
9.426073178378160389e-01,9.528862074610521260e-01,9.623503693082834376e-01
9.495917419165417206e-01,9.576025209104118696e-01,9.658771132364957213e-01
9.565294351552507957e-01,9.623632422584807999e-01,9.694286707212748100e-01
9.634189805630873904e-01,9.671689583581751792e-01,9.730098327789039603e-01
9.702583143719777370e-01,9.720204042580197212e-01,9.766263883923628208e-01
9.770443194319319291e-01,9.769185650821680111e-01,9.802857161025614330e-01
9.837720021090129441e-01,9.818648833354334249e-01,9.839979646983932904e-01
9.904325237890142519e-01,9.868617576395620761e-01,9.877788344370558304e-01
9.970068753211863699e-01,9.919141561435295129e-01,9.916583674712152741e-01
1.003410877078282581e+00,9.970437826621093569e-01,9.957555575207212017e-01
