1.987250802391268381e-05,1.958680178891895828e-05,1.952928953696901807e-05
3.332197130696046609e-04,3.395585724232149522e-04,3.881432364411248987e-04
9.407343215954056155e-04,9.726615798093324805e-04,1.164564876428239104e-03
1.798444889723074033e-03,1.883547470947824747e-03,2.333275202969600001e-03
2.880704543607136726e-03,3.055172241547546817e-03,3.893856762268695006e-03
4.168429691473020740e-03,4.477319780780806766e-03,5.850750801724756076e-03
5.645802137638564720e-03,6.143410616722151836e-03,8.210708383761587334e-03
7.298865943416079499e-03,8.049143043309239798e-03,1.098176686509510190e-02
9.114804751294657351e-03,1.019179043867684403e-02,1.417273911857782481e-02
1.108152410109389772e-02,1.256979245893602090e-02,1.779292016231165743e-02
1.318739054716005013e-02,1.518249730427651337e-02,2.185189992203583759e-02
1.542105946326844529e-02,1.802998940820309953e-02,2.635943299944538618e-02
1.777135671621862117e-02,2.111296894150616055e-02,3.132534123107820478e-02
2.022719494410000693e-02,2.443266448714701000e-02,3.675943608810239988e-02
2.277751310681822364e-02,2.799076787548228709e-02,4.260011834209804366e-02
2.541123230737547117e-02,3.178938434099643634e-02,4.845149704915611283e-02
2.811722338137852620e-02,3.583099357217421621e-02,5.427806439285221690e-02
3.088428326134420518e-02,4.011841868442923842e-02,6.008311068921894788e-02
3.370111806917577141e-02,4.446527289185334825e-02,6.586929745673630876e-02
3.655633150385467073e-02,4.877805800082626181e-02,7.163876395808618791e-02
3.943841750037273275e-02,5.306540343498031970e-02,7.739320992019388390e-02
4.227945537263862880e-02,5.733078696673037794e-02,8.313396069514383813e-02
4.500321229403193152e-02,6.157734836237955395e-02,8.886201926904532811e-02
4.761947848089944507e-02,6.580793671566256831e-02,9.457810827867774162e-02
5.012812523753382848e-02,7.002514901347631215e-02,1.002827043398534790e-01
5.252873535412475731e-02,7.423136182417067186e-02,1.059760663930720548e-01
5.482062394473519867e-02,7.842875753247341430e-02,1.116582593466105555e-01
5.700285420945536835e-02,8.261934620734412427e-02,1.173291739900414188e-01
5.907424885780899332e-02,8.680498394098287718e-02,1.229885439262845548e-01
6.103339772551290981e-02,9.098738831270117289e-02,1.286359601034969824e-01
6.287866195408195469e-02,9.516815149250865136e-02,1.342708834029152642e-01
6.460817496906270940e-02,9.934875139365334507e-02,1.398926556437461999e-01
6.621984037779743426e-02,1.035305612022175414e-01,1.455005092933482069e-01
6.771132680384647773e-02,1.077148575489529359e-01,1.510935761145310585e-01
6.908005957593343904e-02,1.119028275393448846e-01,1.566708949377260407e-01
7.032320908879713395e-02,1.160955748191024872e-01,1.622314187110399375e-01
7.143767554581337276e-02,1.202941248214599024e-01,1.677740209535968641e-01
7.242006967256417460e-02,1.244994293180289591e-01,1.732975017154668174e-01
7.326668884949663618e-02,1.287123703750946424e-01,1.788005931296277329e-01
7.397348794166996866e-02,1.329337638011478528e-01,1.842819646269032718e-01
7.453604389286483389e-02,1.371643621583414074e-01,1.897402278729393710e-01
7.494951288507326059e-02,1.414048573997858382e-01,1.951739414764803726e-01
7.520857852189624659e-02,1.456558831857289182e-01,2.005816155100752507e-01
7.530738904716852145e-02,1.499180169243000682e-01,2.059617158775438051e-01
7.523948101780211783e-02,1.541917815763541311e-01,2.113126685568117447e-01
7.499768605435014335e-02,1.584776472588063645e-01,2.166328637418764580e-01
7.457401620960515953e-02,1.627760326764981780e-01,2.219206599035402627e-01
7.395952199883332190e-02,1.670873064089567206e-01,2.271743877850064819e-01
7.314411503518372659e-02,1.714117880752671075e-01,2.323923543453790264e-01
7.211634421768714498e-02,1.757497493975757330e-01,2.375728466614641099e-01
7.086311006629297804e-02,1.801014151814228081e-01,2.427141357959640700e-01
6.936929534676125608e-02,1.844669642290744926e-01,2.478144806381343268e-01
6.761728035117553492e-02,1.888465302002569901e-01,2.528721317212039854e-01
6.558629601110380070e-02,1.932402024331366930e-01,2.578853350192951699e-01
6.325154375406016882e-02,1.976480267370103183e-01,2.628523357251926207e-01
6.058297098870372294e-02,2.020700061669294390e-01,2.677713820090972252e-01
5.754352262137558266e-02,2.065061017893783379e-01,2.726407287574142968e-01
5.408656673073659188e-02,2.109562334471128398e-01,2.774586412896644094e-01
5.015196295280905520e-02,2.154202805303523371e-01,2.822233990507720947e-01
4.565978434046550488e-02,2.198980827606726307e-01,2.869332992752353650e-01
4.049972077665447284e-02,2.243894409931651568e-01,2.915866606190400945e-01
3.467130708430717079e-02,2.288941180417074506e-01,2.961818267546149630e-01
2.846398468501503895e-02,2.334118395315087358e-01,3.007171699236561024e-01
2.187873267967407540e-02,2.379422947824642587e-01,3.051910944422351335e-01
1.491651851321033027e-02,2.424851377262479679e-01,3.096020401522878718e-01
7.579221341006034743e-03,2.470399878595156418e-01,3.139484858133116396e-01
-1.303435453110368539e-04,2.516064312350512755e-01,3.182289524279102721e-01
-8.208401682163834687e-03,2.561840214921858316e-01,3.224420064946930120e-01
-1.665019789279091264e-02,2.607722809273397835e-01,3.265862631819639317e-01
-2.544997634163026490e-02,2.653707016050856349e-01,3.306603894156239232e-01
-3.460096228150845443e-02,2.699787465096960548e-01,3.346631068747512039e-01
-4.409534558648123270e-02,2.745958507367418644e-01,3.385931948884248754e-01
-5.392426615804581796e-02,2.792214227239190882e-01,3.424494932274950720e-01
-6.407780128691152599e-02,2.838548455199308429e-01,3.462309047852066279e-01
-7.454495504635377801e-02,2.884954780899061655e-01,3.499363981408138424e-01
-8.531364978664093823e-02,2.931426566555444535e-01,3.535650100006146324e-01
-9.637071979282067768e-02,2.977956960678680987e-01,3.571158475111447239e-01
-1.077019071607977219e-01,3.024538912102230359e-01,3.605880904396377984e-01
-1.192918599385302536e-01,3.071165184289106898e-01,3.639809932172478613e-01
-1.311241325711601513e-01,3.117828369886428974e-01,3.672938868409464375e-01
-1.431811886801446221e-01,3.164520905498030001e-01,3.705261806304621097e-01
-1.554444061979060043e-01,3.211235086643499659e-01,3.736773638370987638e-01
-1.678940848702995536e-01,3.257963082870533600e-01,3.767470071017586797e-01
-1.805094561304320944e-01,3.304696952986392322e-01,3.797347637600043679e-01
-1.932686953378995598e-01,3.351428660373386159e-01,3.826403709925156327e-01
-2.061489363686280774e-01,3.398150088352606679e-01,3.854636508198203693e-01
-2.191262885312326159e-01,3.444853055559791155e-01,3.882045109407131211e-01
-2.321758557768920095e-01,3.491529331296986949e-01,3.908629454143161541e-01
-2.452717581608776232e-01,3.538170650823706520e-01,3.934390351862522839e-01
-2.583871555053782187e-01,3.584768730551674554e-01,3.959329484599396487e-01
-2.714942732047936902e-01,3.631315283107496850e-01,3.983449409145323195e-01
-2.845644301069145676e-01,3.677802032228576490e-01,4.006753557715203584e-01
-2.975680683956132833e-01,3.724220727458159019e-01,4.029246237125061469e-01
-3.104747853936771218e-01,3.770563158606671239e-01,4.050932626511319912e-01
-3.232533671977416700e-01,3.816821169947612336e-01,4.071818773625792698e-01
-3.358718240509522834e-01,3.862986674117577235e-01,4.091911589744824940e-01
-3.482974273536620924e-01,3.909051665691661293e-01,4.111218843234935028e-01
-3.604967482071678164e-01,3.955008234406890977e-01,4.129749151820981679e-01
-3.724356973812988358e-01,4.000848578008231460e-01,4.147511973606104463e-01
-3.840795665926552416e-01,4.046565014693454532e-01,4.164517596895844220e-01
-3.953930709773139096e-01,4.092149995135074270e-01,4.180777128881277283e-01
-4.063403926392121224e-01,4.137596114059562402e-01,4.196302483238557590e-01
-4.168852251534756470e-01,4.182896121365964337e-01,4.211106366703868398e-01
-4.269908189029182344e-01,4.228042932768242834e-01,4.225202264684579934e-01
-4.366200271251179377e-01,4.273029639947601432e-01,4.238604425968478528e-01
-4.457353525476695499e-01,4.317849520203209113e-01,4.251327846593662141e-01
-4.542989944899175070e-01,4.362496045591853777e-01,4.263388252942185153e-01
-4.622728963103157063e-01,4.406962891548898420e-01,4.274802084120525314e-01
-4.696187930811048239e-01,4.451243944985330825e-01,4.285586473689576015e-01
-4.762982593733675052e-01,4.495333311857215297e-01,4.295759230806205364e-01
-4.822727570393751662e-01,4.539225324206193624e-01,4.305338820837266156e-01
-4.875036828816415868e-01,4.582914546671315592e-01,4.314344345505712885e-01
-4.919524161023707820e-01,4.626395782474386764e-01,4.322795522626493026e-01
-4.955803654308837403e-01,4.669664078882680980e-01,4.330712665488132274e-01
-4.983490158312828266e-01,4.712714732154610897e-01,4.338116661933311136e-01
-5.002199746972514349e-01,4.755543291975372067e-01,4.345028953189378762e-01
-5.011550174463056395e-01,4.798145565391194745e-01,4.351471512496753458e-01
-5.011161324307492615e-01,4.840517620252001163e-01,4.357466823580037896e-01
-5.000655650884847647e-01,4.882655788173705935e-01,4.363037859003615071e-01
-4.979658612622683278e-01,4.924556667032457535e-01,4.368208058449766229e-01
-4.947799096219959725e-01,4.966217123004153522e-01,4.373001306953884226e-01
-4.904709831301216627e-01,5.007634292163538614e-01,4.377441913127713136e-01
-4.850027794967207151e-01,5.048805581658032393e-01,4.381554587397470946e-01
-4.783394605759514473e-01,5.089728670472080108e-01,4.385364420280130626e-01
-4.704456906621543033e-01,5.130401509798572235e-01,4.388896860716976489e-01
-4.612866736489270592e-01,5.170822323034192092e-01,4.392177694479814654e-01
-4.508281890208093445e-01,5.210989605416236348e-01,4.395233022661276245e-01
-4.390366266521181782e-01,5.250902123318426096e-01,4.398089240256790600e-01
-4.258790203932864560e-01,5.290558913223804005e-01,4.400773014842264130e-01
-4.113230804298668164e-01,5.329959280392612131e-01,4.403311265347705783e-01
-3.953372244046037820e-01,5.369102797243332503e-01,4.405731140923868083e-01
-3.778906072973032826e-01,5.407989301464845022e-01,4.408059999895575509e-01
-3.589531500622386573e-01,5.446618893877696044e-01,4.410325388792586954e-01
-3.384955670263682381e-01,5.484991936062093565e-01,4.412555021446026848e-01
-3.164893920561077656e-01,5.523109047770127233e-01,4.414776758136113588e-01
-2.929070035039229025e-01,5.560971104139346144e-01,4.417018584774777268e-01
-2.677216479489797907e-01,5.598579232724323340e-01,4.419308592105054001e-01
-2.409074627498207222e-01,5.635934810362577263e-01,4.421674954897807375e-01
-2.124394974291453908e-01,5.673039459890575342e-01,4.424145911125422215e-01
-1.822937339137303270e-01,5.709895046725081968e-01,4.426749741091606238e-01
-1.504471056543211505e-01,5.746503675324515781e-01,4.429514746496334143e-01
-1.168775156525371922e-01,5.782867685544402780e-01,4.432469229415471057e-01
-8.156385342298350105e-02,5.818989648900269041e-01,4.435641471175448269e-01
-4.448601092071038238e-02,5.854872364750859370e-01,4.439059711104623718e-01
-5.624897464259990057e-03,5.890518856413620163e-01,4.442752125144984743e-01
3.503754631367524824e-02,5.925932367223943897e-01,4.446746804309972267e-01
7.016366216404690270e-02,5.961116356548771256e-01,4.451071732977024964e-01
9.611089337355729900e-02,5.996074495764507351e-01,4.455754767006650519e-01
1.177571988200640241e-01,6.030810664208537952e-01,4.460823611683370493e-01
1.368387909236519207e-01,6.065328945112828940e-01,4.466305799477925942e-01
1.541918699647070456e-01,6.099633621527308369e-01,4.472228667634395305e-01
1.702911251516729674e-01,6.133729172240298677e-01,4.478619335590450778e-01
1.854346967426202530e-01,6.167620267702162984e-01,4.485504682243939834e-01
1.998232185477862854e-01,6.201311765958056332e-01,4.492911323083839670e-01
2.135986641000999775e-01,6.234808708594526960e-01,4.500865587208779384e-01
2.268654130239247668e-01,6.268116316704591684e-01,4.509393494261628166e-01
2.397025473396887096e-01,6.301239986874711541e-01,4.518520731313522831e-01
2.521714515806709467e-01,6.334185287196916203e-01,4.528272629735878296e-01
2.643207309964071272e-01,6.366957953308460816e-01,4.538674142103631959e-01
2.761895164961462590e-01,6.399563884460802710e-01,4.549749819177528187e-01
2.878097566522344608e-01,6.432009139619444538e-01,4.561523787017302545e-01
2.992078503637798370e-01,6.464299933595138992e-01,4.574019724281391253e-01
3.104058369548402530e-01,6.496442633206931383e-01,4.587260839771959975e-01
3.214222812266721574e-01,6.528443753476761424e-01,4.601269850286482943e-01
3.322729433295079637e-01,6.560309953854904785e-01,4.616068958839262826e-01
3.429712937211939483e-01,6.592048034475219698e-01,4.631679833317206563e-01
3.535289145662958155e-01,6.623664932438708686e-01,4.648123585634852950e-01
3.639558165348414365e-01,6.655167718123419229e-01,4.665420751453167036e-01
3.742606916532604799e-01,6.686563591518613903e-01,4.683591270525505057e-01
3.844511171802476590e-01,6.717859878580515476e-01,4.702654467732289567e-01
3.945337215249064000e-01,6.749064027607017957e-01,4.722629034862989017e-01
4.045143204248459745e-01,6.780183605627940757e-01,4.743533013200616488e-01
4.143980295896814714e-01,6.811226294807893877e-01,4.765383776959630224e-01
4.241893585496692154e-01,6.842199888857890544e-01,4.788198017623020442e-01
4.338922893676133152e-01,6.873112289452235624e-01,4.811991729218985658e-01
4.435103430648967282e-01,6.903971502646606417e-01,4.836780194571114744e-01
4.530466360032860407e-01,6.934785635293536643e-01,4.862577972549667060e-01
4.625039280000670661e-01,6.965562891450957084e-01,4.889398886344251127e-01
4.718846635968000913e-01,6.996311568779847168e-01,4.917256012771082374e-01
4.811910076250725532e-01,7.027040054926463331e-01,4.946161672620434380e-01
4.904248759957238746e-01,7.057756823885091846e-01,4.976127422042457282e-01
4.995879624673393304e-01,7.088470432336834159e-01,5.007164044961915916e-01
5.086817620140616780e-01,7.119189515960140380e-01,5.039281546505304243e-01
5.177075913044562050e-01,7.149922785708830997e-01,5.072489147416485711e-01
5.266666067160018505e-01,7.180679024053245874e-01,5.106795279430512702e-01
5.355598202392007900e-01,7.211467081180376049e-01,5.142207581568921659e-01
5.443881135679780048e-01,7.242295871148721753e-01,5.178732897314050065e-01
5.531522506260651006e-01,7.273174367993917588e-01,5.216377272614983740e-01
5.618528887405020988e-01,7.304111601780978180e-01,5.255145954672917341e-01
5.704905886414585181e-01,7.335116654599423969e-01,5.295043391450348080e-01
5.790658234411986127e-01,7.366198656497414676e-01,5.336073231845143150e-01
5.875789867229055385e-01,7.397366781351212284e-01,5.378238326468366415e-01
5.960303998516037760e-01,7.428630242666567352e-01,5.421540728963138989e-01
6.044203186040022491e-01,7.459998289308507058e-01,5.465981697801032269e-01
6.127489392009281000e-01,7.491480201156298646e-01,5.511561698492251082e-01
6.210164038149582622e-01,7.523085284680557372e-01,5.558280406146612895e-01
6.292228056165214412e-01,7.554822868439371453e-01,5.606136708323314899e-01
6.373681934136320448e-01,7.586702298490836105e-01,5.655128708109372626e-01
6.454525759337043089e-01,7.618732933719132294e-01,5.705253727368897465e-01
6.534759257899351859e-01,7.650924141071702156e-01,5.756508310107975035e-01
6.614381831697374592e-01,7.683285290705194059e-01,5.808888225903173774e-01
6.693392592784306316e-01,7.715825751037801439e-01,5.862388473344843920e-01
6.771790395675479912e-01,7.748554883706012530e-01,5.917003283450102957e-01
6.849573867740194055e-01,7.781482038423667147e-01,5.972726123003961884e-01
6.926741437935453050e-01,7.814616547741625174e-01,6.029549697790655971e-01
7.003291364092150140e-01,7.847967721706080590e-01,6.087465955680869678e-01
7.079221758941807163e-01,7.881544842414049956e-01,6.146466089543860534e-01
7.154530615054918163e-01,7.915357158464357834e-01,6.206540539956530989e-01
7.229215828845080294e-01,7.949413879302763553e-01,6.267678997684179576e-01
7.303275223781019454e-01,7.983724169459573972e-01,6.329870405909746589e-01
7.376706572935382011e-01,8.018297142678599831e-01,6.393102962189938232e-01
7.449507620990172274e-01,8.053141855935951332e-01,6.457364120117214945e-01
7.521676105810363167e-01,8.088267303347266290e-01,6.522640590666611837e-01
7.593209779689521488e-01,8.123682409962077466e-01,6.588918343204939188e-01
7.664106430366652845e-01,8.159396025443714784e-01,6.656182606137623914e-01
7.734363901907980177e-01,8.195416917633319143e-01,6.724417867164357299e-01
7.803980115545832152e-01,8.231753765995989403e-01,6.793607873109224204e-01
7.872953090563017398e-01,8.268415154947466039e-01,6.863735629283439499e-01
7.941280965312592643e-01,8.305409567058785747e-01,6.934783398328814297e-01
8.008962018462053578e-01,8.342745376136693203e-01,7.006732698477672328e-01
8.075994690554447741e-01,8.380430840176557039e-01,7.079564301148935090e-01
8.142377605982316080e-01,8.418474094184452694e-01,7.153258227780440182e-01
8.208109595476223985e-01,8.456883142864138891e-01,7.227793745773036793e-01
8.273189719218463356e-01,8.495665853163814063e-01,7.303149363391975291e-01
8.337617290702183936e-01,8.534829946676666390e-01,7.379302823433634417e-01
8.401391901471193524e-01,8.574382991887713468e-01,7.456231095419886268e-01
8.464513446892644177e-01,8.614332396257980973e-01,7.533910366025224903e-01
8.526982153138504827e-01,8.654685398135009144e-01,7.612316027371089922e-01
8.588798605579400780e-01,8.695449058476308890e-01,7.691422662733379267e-01
8.649963778832361339e-01,8.736630252369126381e-01,7.771204029097926735e-01
8.710479068749269471e-01,8.778235660326431100e-01,7.851633035858002208e-01
8.770346326693647665e-01,8.820271759333848660e-01,7.932681718768520573e-01
8.829567896528730531e-01,8.862744813616858508e-01,8.014321208040703359e-01
8.888146654840484162e-01,8.905660865089464195e-01,8.096521689160919300e-01
8.946086055047501873e-01,8.949025723436599966e-01,8.179252354623882670e-01
9.003390176221581775e-01,8.992844955770152859e-01,8.262481344247463166e-01
9.060063777670803731e-01,9.037123875782941962e-01,8.346175671033724264e-01
9.116112360645266532e-01,9.081867532305006874e-01,8.430301128583148618e-01
9.171542238947680836e-01,9.127080697140218524e-01,8.514822174744433037e-01
9.226360620818372382e-01,9.172767852026797453e-01,8.599701784320065157e-01
9.280575705296515432e-01,9.218933174518750828e-01,8.684901260981995330e-01
9.334196797458328421e-01,9.265580522523609863e-01,8.770379994657721001e-01
9.387234448704702139e-01,9.312713417145942474e-01,8.856095144830644639e-01
9.439700630948875126e-01,9.360335023368034912e-01,8.942001221286806079e-01
9.491608957721867634e-01,9.408448127931930971e-01,9.028049519788436950e-01
9.542974971914902627e-01,9.457055113546143366e-01,9.114187347253589477e-01
9.593816531067779207e-01,9.506157928188191386e-01,9.200356932239469598e-01
9.644154340657634661e-01,9.555758047747838768e-01,9.286493847820732617e-01
9.694012721860340021e-01,9.605856429457312329e-01,9.372524645484316963e-01
9.743420771126264368e-01,9.656453452333800813e-01,9.458363142094406983e-01
9.792414220278166104e-01,9.707548839033880439e-01,9.543904245555413501e-01
9.841038665411735442e-01,9.759141551134408177e-01,9.629012862023152985e-01
9.889355820068176373e-01,9.811229648997324970e-01,9.713501680051878084e-01
9.937457801103503074e-01,9.863810125431399234e-01,9.797078675437412842e-01
9.985510826288989117e-01,9.916878927784195108e-01,9.879180701317410440e-01
1.003410877078282581e+00,9.970437826621093569e-01,9.957555575207212017e-01
