1.987250802391268381e-05,1.958680178891895828e-05,1.952928953696901807e-05
3.628492336333502370e-04,3.404000889223255375e-04,2.680747987763903908e-04
1.054110376054209937e-03,9.759566169423703917e-04,7.049990423563293716e-04
2.057847594713078498e-03,1.891501654564071207e-03,1.278660497267755007e-03
3.354586513606653848e-03,3.070638281334050340e-03,1.959404025950078551e-03
4.930167132658115452e-03,4.503836921922852073e-03,2.726663904773723220e-03
6.772855328447473580e-03,6.185234735725168680e-03,3.564965190889190973e-03
8.872165364203191476e-03,8.111268858637834048e-03,4.462127693595953869e-03
1.121827603440448372e-02,1.027996689226538286e-02,5.408299266963730728e-03
1.380170529595499754e-02,1.269053202451481642e-02,6.395374308463651868e-03
1.661311434451621244e-02,1.534307977191834600e-02,7.416616183658738398e-03
1.964318310983746707e-02,1.823846055421060597e-02,8.466397895708141844e-03
2.288252809779689478e-02,2.137813439728315432e-02,9.540016120555102480e-03
2.632164679366740673e-02,2.476407905555488842e-02,1.063355322795381426e-02
2.995087950331824095e-02,2.839872049892249589e-02,1.174377205388235819e-02
3.376038308924814851e-02,3.228487889588618071e-02,1.286803383187810727e-02
3.774011309284606985e-02,3.642572564546983638e-02,1.400423300155739792e-02
4.184154588306445571e-02,4.081743585834388816e-02,1.515074464337681608e-02
4.585693840986360820e-02,4.523230162066172594e-02,1.630638158163857931e-02
4.977998413575684261e-02,4.962079400352447517e-02,1.747035904746060964e-02
5.361245541436562151e-02,5.398662170619703687e-02,1.864226536734955170e-02
5.735575666506784881e-02,5.833308727273093380e-02,1.982203753999670082e-02
6.101097849923969169e-02,6.266314652293350496e-02,2.100994084430346867e-02
6.457894115377238453e-02,6.697945666451488034e-02,2.220655182337842246e-02
6.806022965049041140e-02,7.128441563404686043e-02,2.341274413678024607e-02
7.145522247194985299e-02,7.558019455966799582e-02,2.462967688277192813e-02
7.476411509677480249e-02,7.986876477125892659e-02,2.585878507466824253e-02
7.798693941417175757e-02,8.415192044530117599e-02,2.710177201797107222e-02
8.112357979995679647e-02,8.843129772295216240e-02,2.836060338310954568e-02
8.417378646002807163e-02,9.270839095484217918e-02,2.963750280592455238e-02
8.713718651446503149e-02,9.698456658681980924e-02,3.093494887721643175e-02
9.001329319434078768e-02,1.012610750948918226e-01,3.225567340564026303e-02
9.280151344546111458e-02,1.055390612961519536e-01,3.360266085641305800e-02
9.550115417257878936e-02,1.098195732993122731e-01,3.497914888274235995e-02
9.811142730983368754e-02,1.141035703090163833e-01,3.638862987839708990e-02
1.006314538650315005e-01,1.183919294591288529e-01,3.783485348902042300e-02
1.030602670545822941e-01,1.226854518192101173e-01,3.932183002708651565e-02
1.053968146206766543e-01,1.269848676935954046e-01,4.084587441250308454e-02
1.076399604012452105e-01,1.312908413125255802e-01,4.237480306817614090e-02
1.097884852053989113e-01,1.356039749985911425e-01,4.392173070488868819e-02
1.118410870315753591e-01,1.399248128785550160e-01,4.548996549191375999e-02
1.137963806518183241e-01,1.442538441998074683e-01,4.708276208130394297e-02
1.156528965730431180e-01,1.485915063017928806e-01,4.870331951309939816e-02
1.174090793742105510e-01,1.529381872853763369e-01,5.035477862061314008e-02
1.190632854067680824e-01,1.572942284169798477e-01,5.204021903623403528e-02
1.206137798340018441e-01,1.616599262992028940e-01,5.376265589532570194e-02
1.220587329728337056e-01,1.660355348353363125e-01,5.552503633265174626e-02
1.233962158885851812e-01,1.704212670115783368e-01,5.733023586201001914e-02
1.246241951790082458e-01,1.748172965176938987e-01,5.918105472523910865e-02
1.257405268678956356e-01,1.792237592242822142e-01,6.108021429132521468e-02
1.267429493103354732e-01,1.836407545326128321e-01,6.303035357994413168e-02
1.276290749905258093e-01,1.880683466111139068e-01,6.503402597645094319e-02
1.283963810681648665e-01,1.925065655309990409e-01,6.709369619713911881e-02
1.290421984998723626e-01,1.969554083121395349e-01,6.921173755469731126e-02
1.295636995266424840e-01,2.014148398891065228e-01,7.139042956435942555e-02
1.299578832753408020e-01,2.058847940062975557e-01,7.363195592148938373e-02
1.302215591699050490e-01,2.103651740501747414e-01,7.593840287151126800e-02
1.303513277834665862e-01,2.148558538258857342e-01,7.831175798340736516e-02
1.303435586828168569e-01,2.193566782848855312e-01,8.075390932871748251e-02
1.301943647171205365e-01,2.238674642095894729e-01,8.326664505927272586e-02
1.298995720775844853e-01,2.283880008606052336e-01,8.585165336900066335e-02
1.294546852962476513e-01,2.329180505916461641e-01,8.851052281816471079e-02
1.288548461495305220e-01,2.374573494368492632e-01,9.124474299250603937e-02
1.280947851712988805e-01,2.420056076748892671e-01,9.405570546496147544e-02
1.271687641411090308e-01,2.465625103739814694e-01,9.694470502401558720e-02
1.260705074682834381e-01,2.511277179216106492e-01,9.991294113025572798e-02
1.247931198024227195e-01,2.557008665425877791e-01,1.029615195613334810e-01
1.233289864098624788e-01,2.602815688088330748e-01,1.060914542051721032e-01
1.216696517822301316e-01,2.648694141440969263e-01,1.093036689618509805e-01
1.198056704678273909e-01,2.694639693266691616e-01,1.125989997159843325e-01
1.177264220597924183e-01,2.740647789929652189e-01,1.159781963434950158e-01
1.154198793628876674e-01,2.786713661447500212e-01,1.194419247193201084e-01
1.128723145674440653e-01,2.832832326626200103e-01,1.229907686956618063e-01
1.100679221062056401e-01,2.878998598282528909e-01,1.266252320237472861e-01
1.069883276526616134e-01,2.925207088578112846e-01,1.303457401956407968e-01
1.036119385868750076e-01,2.971452214487847465e-01,1.341526421862738738e-01
9.991306901256463702e-02,3.017728203424370204e-01,1.380462120795066250e-01
9.586073635146150074e-02,3.064029099039338178e-01,1.420266505655664036e-01
9.141696607506447081e-02,3.110348767221102206e-01,1.460940863006306434e-01
8.653433569252985680e-02,3.156680902307387737e-01,1.502485771225120226e-01
8.115229663758041778e-02,3.203019033530560278e-01,1.544901111193878462e-01
7.519144173756059368e-02,3.249356531711863894e-01,1.588186075512292017e-01
6.854412248205712932e-02,3.295686616220048770e-01,1.632339176260424740e-01
6.105811610005913020e-02,3.342002362208568722e-01,1.677358251352044638e-01
5.250582328446943420e-02,3.388296708144391545e-01,1.723240469540757991e-01
4.251948986793766677e-02,3.434562463640162266e-01,1.769982334157162440e-01
3.099848797093113922e-02,3.480792317600299723e-01,1.817579685669151457e-01
1.906255329239409796e-02,3.526978846690119185e-01,1.866027703168809670e-01
6.794341843067804552e-03,3.573114524135772574e-01,1.915320904898821508e-01
-5.789660270188532430e-03,3.619191728861324009e-01,1.965453147938429623e-01
-1.867171525802112375e-02,3.665202754967694099e-01,2.016417627174460492e-01
-3.183282355585528162e-02,3.711139821556724838e-01,2.068206873686746494e-01
-4.525271593944404230e-02,3.756995082901859462e-01,2.120812752679593904e-01
-5.890984795898800835e-02,3.802760638965294593e-01,2.174226461092051421e-01
-7.278139679890431590e-02,3.848428546259687888e-01,2.228438525019596494e-01
-8.684326066649977749e-02,3.893990829050601454e-01,2.283438797078905513e-01
-1.010700608082506780e-01,3.939439490894133811e-01,2.339216453845438526e-01
-1.154351462470478845e-01,3.984766526502055428e-01,2.395759993490920725e-01
-1.299106013278758243e-01,4.029963933925000408e-01,2.453057233744592169e-01
-1.444672561525451315e-01,4.075023727042101918e-01,2.511095310298257499e-01
-1.590746999766604886e-01,4.119937948343453393e-01,2.569860675770925251e-01
-1.737012976339505077e-01,4.164698681989827400e-01,2.629339099344057407e-01
-1.883142090437898986e-01,4.209298067131732046e-01,2.689515667173516533e-01
-2.028794118487585174e-01,4.253728311468160661e-01,2.750374783678832258e-01
-2.173617272180866089e-01,4.297981705022956289e-01,2.811900173804811054e-01
-2.317248488425564523e-01,4.342050634114902330e-01,2.874074886344644142e-01
-2.459313751345129639e-01,4.385927595495513476e-01,2.936881298407483798e-01
-2.599428446346024324e-01,4.429605210626422762e-01,3.000301121107183389e-01
-2.737197746145464960e-01,4.473076240066513054e-01,3.064315406542324483e-01
-2.872217028518235238e-01,4.516333597936879607e-01,3.128904556131033021e-01
-3.004072325390046982e-01,4.559370366429976174e-01,3.194048330357077137e-01
-3.132340802765868348e-01,4.602179810327602927e-01,3.259725859976893014e-01
-3.256591270843127717e-01,4.644755391490814067e-01,3.325915658729837188e-01
-3.376384723516901998e-01,4.687090783283225925e-01,3.392595637586806601e-01
-3.491274906343104778e-01,4.729179884888030094e-01,3.459743120564850449e-01
-3.600808911882980579e-01,4.771016835477674412e-01,3.527334862127908255e-01
-3.704527801212783022e-01,4.812596028194270903e-01,3.595347066186234120e-01
-3.801967250241461427e-01,4.853912123897745068e-01,3.663755406699311101e-01
-3.892658219346507575e-01,4.894960064638363417e-01,3.732535049879339151e-01
-3.976127644703470465e-01,4.935735086809450167e-01,3.801660677984725623e-01
-4.051899149560911351e-01,4.976232733936142849e-01,3.871106514685079270e-01
-4.119493773590952035e-01,5.016448869055843973e-01,3.940846351971572514e-01
-4.178430718332598048e-01,5.056379686646234051e-01,4.010853578578868484e-01
-4.228228106639408401e-01,5.096021724057132607e-01,4.081101209877142089e-01
-4.268403753948409873e-01,5.135371872403201587e-01,4.151561919185236538e-01
-4.298475949099672122e-01,5.174427386875302126e-01,4.222208070448731365e-01
-4.317964242359006444e-01,5.213185896429540778e-01,4.293011752219532684e-01
-4.326390238236460517e-01,5.251645412814427427e-01,4.363944812866537015e-01
-4.323278390635646451e-01,5.289804338898158598e-01,4.434978896940471871e-01
-4.308156797832877749e-01,5.327661476259986095e-01,4.506085482609438198e-01
-4.280557994758468210e-01,5.365216032011729252e-01,4.577235920075748976e-01
-4.240019740038101781e-01,5.402467624817810510e-01,4.648401470878947284e-01
-4.186085795254134156e-01,5.439416290084828631e-01,4.719553347984599134e-01
-4.118306693902182292e-01,5.476062484294373922e-01,4.790662756553662471e-01
-4.036240497545854344e-01,5.512407088455877346e-01,4.861700935282790570e-01
-3.939453536715790682e-01,5.548451410659301919e-01,4.932639198202157238e-01
-3.827521134156987026e-01,5.584197187710951971e-01,5.003448976813920090e-01
-3.700028308094908125e-01,5.619646585838971031e-01,5.074101862451831924e-01
-3.556570453279568333e-01,5.654802200458872719e-01,5.144569648740011658e-01
-3.396753997654870516e-01,5.689667054992947337e-01,5.214824374027609011e-01
-3.220197032614539046e-01,5.724244598741308199e-01,5.284838363674719819e-01
-3.026529914919472986e-01,5.758538703806078685e-01,5.354584272064795147e-01
-2.815395838482658286e-01,5.792553661074110183e-01,5.424035124218765658e-01
-2.586451374363438749e-01,5.826294175267474618e-01,5.493164356887126898e-01
-2.339366977461026509e-01,5.859765359074816660e-01,5.561945858997581205e-01
-2.073827458547850555e-01,5.892972726380494297e-01,5.630354011337888043e-01
-1.789532420445756611e-01,5.925922184612055776e-01,5.698363725356380138e-01
-1.486196657307614633e-01,5.958620026230355693e-01,5.765950480965724712e-01
-1.163550516141997754e-01,5.991072919390091345e-01,5.833090363239405995e-01
-8.213402198776301177e-02,6.023287897801787860e-01,5.899760097894807265e-01
-4.593281514518200020e-02,6.055272349829754486e-01,5.965937085461637812e-01
-7.729309855820191803e-03,6.087034006863065727e-01,6.031599434039776053e-01
3.249695411182753485e-02,6.118580931000064949e-01,6.096725990556580710e-01
6.829159490782946151e-02,6.149921502088814274e-01,6.161296370439806047e-01
9.468430772363828352e-02,6.181064404168707949e-01,6.225290985628932905e-01
1.166787191591616424e-01,6.212018611360354825e-01,6.288691070854743881e-01
1.360799462725771070e-01,6.242793373252650824e-01,6.351478708124059791e-01
1.537453346389371645e-01,6.273398199837523226e-01,6.413636849354138469e-01
1.701572792150411462e-01,6.303842846044085402e-01,6.475149337108820902e-01
1.856167611705290821e-01,6.334137295924782141e-01,6.536000923396340090e-01
2.003252251556632002e-01,6.364291746546960615e-01,6.596177286496586190e-01
2.144245370653634630e-01,6.394316591643401937e-01,6.655665045793517365e-01
2.280185391807138529e-01,6.424222405075717957e-01,6.714451774596399414e-01
2.411855793763827416e-01,6.454019924163940658e-01,6.772526010941340990e-01
2.539862287256747231e-01,6.483720032935532673e-01,6.829877266372461619e-01
2.664682613328880900e-01,6.513333745345879500e-01,6.886496032709540360e-01
2.786699923708832460e-01,6.542872188521612342e-01,6.942373786816594672e-01
2.906225879859107852e-01,6.572346586076612818e-01,6.997502993392885617e-01
3.023517075173101087e-01,6.601768241549148541e-01,7.051877105814967628e-01
3.138786984645424161e-01,6.631148522006801160e-01,7.105490565064945807e-01
3.252214837391487756e-01,6.660498841863941033e-01,7.158338796786570812e-01
3.363952322088542557e-01,6.689830646954397775e-01,7.210418206516586714e-01
3.474128734596276247e-01,6.719155398899667730e-01,7.261726173144661400e-01
3.582854985138417270e-01,6.748484559810561390e-01,7.312261040660094080e-01
3.690226756896221039e-01,6.777829577357814550e-01,7.362022108248612584e-01
3.796327023866749584e-01,6.807201870244262709e-01,7.411009618806672083e-01
3.901228078480753481e-01,6.836612814108792291e-01,7.459224745944839086e-01
4.004993179588680063e-01,6.866073727889185907e-01,7.506669579555071969e-01
4.107677903221476634e-01,6.895595860668513044e-01,7.553347110020033339e-01
4.209331258291413302e-01,6.925190379026493481e-01,7.599261211144860972e-01
4.309996614666887771e-01,6.954868354914867101e-01,7.644416621894203345e-01
4.409712480198499374e-01,6.984640754072555247e-01,7.688818927018928884e-01
4.508513155176288589e-01,7.014518424994032886e-01,7.732474536658171527e-01
4.606429286596275818e-01,7.044512088461319932e-01,7.775390665003285573e-01
4.703488339966763188e-01,7.074632327647513153e-01,7.817575308110725762e-01
4.799715002813487730e-01,7.104889578797185523e-01,7.859037220950948477e-01
4.895131531274335424e-01,7.135294122486418589e-01,7.899785893780126855e-01
4.989758049009626606e-01,7.165856075463039598e-01,7.939831527920799825e-01
5.083612805949715430e-01,7.196585383065216002e-01,7.979185011036714625e-01
5.176712403049126276e-01,7.227491812214565936e-01,8.017857891985721297e-01
5.269071988137136175e-01,7.258584944977805042e-01,8.055862355333194280e-01
5.360705427085452612e-01,7.289874172689292386e-01,8.093211195606527797e-01
5.451625453813114808e-01,7.321368690624797670e-01,8.129917791369344338e-01
5.541843802076165115e-01,7.353077493215622873e-01,8.165996079191788493e-01
5.631371321524379914e-01,7.385009369790371814e-01,8.201460527590981320e-01
5.720218080122171367e-01,7.417172900830669713e-01,8.236326111013134721e-01
5.808393454714974036e-01,7.449576454725692631e-01,8.270608283926187410e-01
5.895906211258313823e-01,7.482228185009600629e-01,8.304322955089248337e-01
5.982764576008440249e-01,7.515136028064856033e-01,8.337486462062256853e-01
6.068976298788649748e-01,7.548307701273769821e-01,8.370115546016474450e-01
6.154548709292633202e-01,7.581750701599802023e-01,8.402227326903795035e-01
6.239488767254012247e-01,7.615472304579929963e-01,8.433839279039997416e-01
6.323803107202666807e-01,7.649479563708542207e-01,8.464969207154365849e-01
6.407498078433373490e-01,7.683779310193357137e-01,8.495635222955678634e-01
6.490579780732753656e-01,7.718378153063458758e-01,8.525855722261983516e-01
6.573054096341925945e-01,7.753282479609446831e-01,8.555649362739315977e-01
6.654926718573187516e-01,7.788498456135597436e-01,8.585035042292441521e-01
6.736203177448364388e-01,7.824032029004109878e-01,8.614031878148921129e-01
6.816888862682984884e-01,7.859888925951191707e-01,8.642659186676031613e-01
6.896989044301398142e-01,7.896074657655429707e-01,8.670936463969047825e-01
6.976508891136294910e-01,7.932594519538439526e-01,8.698883367248329002e-01
7.055453487435633386e-01,7.969453593778490497e-01,8.726519697102279594e-01
7.133827847776149644e-01,8.006656751517662318e-01,8.753865380613318203e-01
7.211636930459338624e-01,8.044208655243541006e-01,8.780940455404572242e-01
7.288885649546981149e-01,8.082113761326488177e-01,8.807765054646272684e-01
7.365578885675633236e-01,8.120376322693940718e-01,8.834359393063082599e-01
7.441721495774070716e-01,8.159000391623194570e-01,8.860743753986281002e-01
7.517318321794324021e-01,8.197989822634397239e-01,8.886938477499157774e-01
7.592374198554462383e-01,8.237348275465422587e-01,8.912963949728939239e-01
7.666893960779830319e-01,8.277079218110516834e-01,8.938840593345847019e-01
7.740882449419883571e-01,8.317185929904358233e-01,8.964588859338228355e-01
7.814344517307795224e-01,8.357671504633059634e-01,8.990229220143911570e-01
7.887285034221712676e-01,8.398538853653190195e-01,9.015782164231492812e-01
7.959708891397409003e-01,8.439790708999758140e-01,9.041268192242134516e-01
8.031621005534954616e-01,8.481429626462720917e-01,9.066707814823788958e-01
8.103026322332672615e-01,8.523457988611249370e-01,9.092121552315890476e-01
8.173929819573509947e-01,8.565878007743336076e-01,9.117529936475170516e-01
8.244336509780428868e-01,8.608691728736500570e-01,9.142953514474533305e-01
8.314251442446080054e-01,8.651901031773480133e-01,9.168412855458084598e-01
8.383679705831376117e-01,8.695507634913584027e-01,9.193928560000647066e-01
8.452626428313333440e-01,8.739513096476889675e-01,9.219521272902712061e-01
8.521096779245559416e-01,8.783918817203745233e-01,9.245211699857857068e-01
8.589095969273440323e-01,8.828726042146110009e-01,9.271020628666464258e-01
8.656629250018958999e-01,8.873935862239308303e-01,9.296968955848097238e-01
8.723701913013737208e-01,8.919549215493034477e-01,9.323077719739849556e-01
8.790319287710722795e-01,8.965566887727314249e-01,9.349368141480638439e-01
8.856486738338983367e-01,9.011989512762079713e-01,9.375861675702908959e-01
8.922209659275300853e-01,9.058817571946313763e-01,9.402580073328627996e-01
8.987493468476983605e-01,9.106051392882388296e-01,9.429545459663354334e-01
9.052343598335683694e-01,9.153691147159899177e-01,9.456780432104910927e-01
9.116765483041977536e-01,9.201736846856028995e-01,9.484308183391693126e-01
9.180764541146539948e-01,9.250188339479262778e-01,9.512152658668630023e-01
9.244346151386804156e-01,9.299045300918137302e-01,9.540338758166576616e-01
9.307515618883394071e-01,9.348307225787568786e-01,9.568892602686410731e-01
9.370278127253347522e-01,9.397973414310957230e-01,9.597841887594041888e-01
9.432638669596477010e-01,9.448042954481126188e-01,9.627216364922394076e-01
9.494601946827100347e-01,9.498514697607963742e-01,9.657048516718668152e-01
9.556172213711006114e-01,9.549387224296012056e-01,9.687374524519135610e-01
9.617353037477768263e-01,9.600658796018827212e-01,9.718235717956812403e-01
9.678146902295311493e-01,9.652327283940688174e-01,9.749680841665925302e-01
9.738554522966721416e-01,9.704390059521709189e-01,9.781769818622182422e-01
9.798573558937387906e-01,9.756843815528385422e-01,9.814580506849613917e-01
9.858195928756069426e-01,9.809684245277595638e-01,9.848222233779048151e-01
9.917401191433931062e-01,9.862905380098757613e-01,9.882867806137632938e-01
9.976134626151998974e-01,9.916497821037465465e-01,9.918855136649432636e-01
1.003410877078282581e+00,9.970437826621093569e-01,9.957555575207212017e-01
