1.987250802391268381e-05,1.958680178891895828e-05,1.952928953696901807e-05
3.569314211485616643e-04,3.305729623579367268e-04,3.846008363341289825e-04
1.032667700171396256e-03,9.377526126306632431e-04,1.151384745804431972e-03
2.011370611668264387e-03,1.802498739657264074e-03,2.304422595368464579e-03
3.274208966767741188e-03,2.904988342010307069e-03,3.844035983224673107e-03
4.808037193414335143e-03,4.232516123117603321e-03,5.775950589116762499e-03
6.602401649230618848e-03,5.776190326478674447e-03,8.108680668163129046e-03
8.648300273096721710e-03,7.529513326702192907e-03,1.085247182244363819e-02
1.093755649707167134e-02,9.487642872559196028e-03,1.401877251874675441e-02
1.346246291302180369e-02,1.164696020059408088e-02,1.761993178960984466e-02
1.621556110449122109e-02,1.400479682740100526e-02,2.166900826510616621e-02
1.918949717964959709e-02,1.655925155959220296e-02,2.617963942364396820e-02
2.237692252560529241e-02,1.930906252575703350e-02,3.116594564304724785e-02
2.577042313889537153e-02,2.225351463455501819e-02,3.664245531604474332e-02
2.936246786042940454e-02,2.539237084946155756e-02,4.255492063520469742e-02
3.314536961007553267e-02,2.872582004992927859e-02,4.849968845466178652e-02
3.711125586768947160e-02,3.225443678677891030e-02,5.443726273450581049e-02
4.123403614416972646e-02,3.597914977937619052e-02,6.037167603422879253e-02
4.529994838952505071e-02,3.990121697280464563e-02,6.630631397641115199e-02
4.928469449734231705e-02,4.387572054193947940e-02,7.224402299592561083e-02
5.319016002276594907e-02,4.781008823968368321e-02,7.818719388456199515e-02
5.701784803736876378e-02,5.171506598742698496e-02,8.413782746604481222e-02
6.076893465268109334e-02,5.559402965908750299e-02,9.009758686338056877e-02
6.444431372472558817e-02,5.945006806760779611e-02,9.606783956066802799e-02
6.804463319324113857e-02,6.328602271449104699e-02,1.020496915964686224e-01
7.157032487398026777e-02,6.710452050711682159e-02,1.080440156207368163e-01
7.502162906993342650e-02,7.090800089151794161e-02,1.140514741168602575e-01
7.839861503997849757e-02,7.469873850499450518e-02,1.200725387794357724e-01
8.170119812337278686e-02,7.847886220066543905e-02,1.261075068106626285e-01
8.492915414008933572e-02,8.225037110831623366e-02,1.321565147292606268e-01
8.808213155283167728e-02,8.601514825456726965e-02,1.382195501589638942e-01
9.115966177453105335e-02,8.977497215783469819e-02,1.442964619673585136e-01
9.416116792670833902e-02,9.353152673090728286e-02,1.503869690519975821e-01
9.708597229318513544e-02,9.728640975987529194e-02,1.564906680135787209e-01
9.993330266588873467e-02,1.010411401780192953e-01,1.626070399113246356e-01
1.027022977416857663e-01,1.047971643137687592e-01,1.687354562605528074e-01
1.053920116989662814e-01,1.085558612604713979e-01,1.748751844044920123e-01
1.080014180582757610e-01,1.123185474906592540e-01,1.810253923700690104e-01
1.105294129113723323e-01,1.160864808173350526e-01,1.871851532993791534e-01
1.129748175866307769e-01,1.198608637885051620e-01,1.933534495339269133e-01
1.153363808049329142e-01,1.236428465879328420e-01,1.995291764167708704e-01
1.176127803685028672e-01,1.274335295042525462e-01,2.057111458678548277e-01
1.198026244150323383e-01,1.312339650217055342e-01,2.118980897796387541e-01
1.219044522605678693e-01,1.350451595784232239e-01,2.180886632733247121e-01
1.239167348466194973e-01,1.388680750321311386e-01,2.242814478502268560e-01
1.258378747995783087e-01,1.427036298681082505e-01,2.304749544679686735e-01
1.276662061035529760e-01,1.465527001800423224e-01,2.366676265670397128e-01
1.293999933809395764e-01,1.504161204509153194e-01,2.428578430696585744e-01
1.310374307682370398e-01,1.542946841581084305e-01,2.490439213697851484e-01
1.325766403676431615e-01,1.581891442244358903e-01,2.552241203304124184e-01
1.340156702476023032e-01,1.621002133347228535e-01,2.613966433018677371e-01
1.353524919575087304e-01,1.660285641357659991e-01,2.675596411727176327e-01
1.365849975130635496e-01,1.699748293359958640e-01,2.737112154629717797e-01
1.377109957989603450e-01,1.739396017198580613e-01,2.798494214675376068e-01
1.387282083244683606e-01,1.779234340908111556e-01,2.859722714563155410e-01
1.396342642546542223e-01,1.819268391558599707e-01,2.920777379358770465e-01
1.404266946251016557e-01,1.859502893636803822e-01,2.981637569763381235e-01
1.411029256304529300e-01,1.899942167076386357e-01,3.042282316058021463e-01
1.416602708563733937e-01,1.940590125043167580e-01,3.102690352735993362e-01
1.420959222997687788e-01,1.981450271575376787e-01,3.162840153824627576e-01
1.424069399923238444e-01,2.022525699173068903e-01,3.222709968887776388e-01
1.425902400064112674e-01,2.063819086425532356e-01,3.282277859690791999e-01
1.426425805785324630e-01,2.105332695760362971e-01,3.341521737500831590e-01
1.425605460316333450e-01,2.147068371393070496e-01,3.400419400986825491e-01
1.423405281112465337e-01,2.189027537551170299e-01,3.458948574675553278e-01
1.419787042678628819e-01,2.231211197042132222e-01,3.517086947912808625e-01
1.414710123146769583e-01,2.273619930229833219e-01,3.574812214271582134e-01
1.408131207597271561e-01,2.316253894479475273e-01,3.632102111342846440e-01
1.400003939461499092e-01,2.359112824126305963e-01,3.688934460838411145e-01
1.390278509227187709e-01,2.402196031018648537e-01,3.745287208929857781e-01
1.378901166936560840e-01,2.445502405681017066e-01,3.801138466742579602e-01
1.365813641408054335e-01,2.489030419138276717e-01,3.856466550919457337e-01
1.350952444430690846e-01,2.532778125436815908e-01,3.911250024164718009e-01
1.334248031956257186e-01,2.576743164893843807e-01,3.965467735675198280e-01
1.315623785947711011e-01,2.620922768100860112e-01,4.019098861363254449e-01
1.294994769158017700e-01,2.665313760702386903e-01,4.072122943773378578e-01
1.272266189416987048e-01,2.709912568965999746e-01,4.124519931592768862e-01
1.247331488050645310e-01,2.754715226154660357e-01,4.176270218655020461e-01
1.220069935865802369e-01,2.799717379707399312e-01,4.227354682335464631e-01
1.190343575043773250e-01,2.844914299229434618e-01,4.277754721236761148e-01
1.157993278853423069e-01,2.890300885287970245e-01,4.327452292063950767e-01
1.122833601111540569e-01,2.935871679005125912e-01,4.376429945589289661e-01
1.084645933235529880e-01,2.981620872434859182e-01,4.424670861609044104e-01
1.043169242845801425e-01,3.027542319706198470e-01,4.472158882796594681e-01
9.980872699604942389e-02,3.073629548910821185e-01,4.518878547359225784e-01
9.490103846578143432e-02,3.119875774708900651e-01,4.564815120409186355e-01
8.954491280458690139e-02,3.166273911623160853e-01,4.609954623963638531e-01
8.367742793162072368e-02,3.212816587987542549e-01,4.654283865492377381e-01
7.721540425035378075e-02,3.259496160513320473e-01,4.697790464937072197e-01
7.004500762243856538e-02,3.306304729432521516e-01,4.740462880131003920e-01
6.200339345681476350e-02,3.353234154175473991e-01,4.782290430553899907e-01
5.284344278778082410e-02,3.400276069536983803e-01,4.823263319362438017e-01
4.215767173522789318e-02,3.447421902283133721e-01,4.863372653643220356e-01
2.992252020931297427e-02,3.494662888149040469e-01,4.902610462841669459e-01
1.738276792668158946e-02,3.541990089176107470e-01,4.940969715326964384e-01
4.611573603492473764e-03,3.589394411336177537e-01,4.978444333060058624e-01
-8.367702820567826660e-03,3.636866622388957304e-01,5.015029204339105373e-01
-2.153051985547320066e-02,3.684397369918563370e-01,5.050720194603416369e-01
-3.485117322346163032e-02,3.731977199494656006e-01,5.085514155284702742e-01
-4.830281732609776474e-02,3.779596572903772822e-01,5.119408930701169202e-01
-6.185748936474386173e-02,3.827245886396647423e-01,5.152403362997461933e-01
-7.548613605270435012e-02,3.874915488898149074e-01,5.184497295140341189e-01
-8.915864284653814142e-02,3.922595700127152751e-01,5.215691571986944552e-01
-1.028438656142203200e-01,3.970276828575085015e-01,5.245988039449215323e-01
-1.165096646479378689e-01,4.017949189293102963e-01,5.275389541784597514e-01
-1.301229409204776311e-01,4.065603121439732015e-01,5.303899917049312851e-01
-1.436496744756139976e-01,4.113229005542579642e-01,5.331523990756547038e-01
-1.570549648351779459e-01,4.160817280429890408e-01,5.358267567787466934e-01
-1.703030732982985518e-01,4.208358459789921513e-01,5.384137422608328283e-01
-1.833574670022129482e-01,4.255843148318717573e-01,5.409141287851786384e-01
-1.961808646082087437e-01,4.303262057419172670e-01,5.433287841325056267e-01
-2.087352834718147476e-01,4.350606020417275288e-01,5.456586691511702281e-01
-2.209820881521456226e-01,4.397866007263945831e-01,5.479048361637419706e-01
-2.328820401124840067e-01,4.445033138693900154e-01,5.500684272373438377e-01
-2.443953484617406857e-01,4.492098699815834650e-01,5.521506723253951643e-01
-2.554817215851395429e-01,4.539054153111181100e-01,5.541528872886201107e-01
-2.661004195118099602e-01,4.585891150821652107e-01,5.560764718033825993e-01
-2.762103068672463468e-01,4.632601546708702833e-01,5.579229071655300576e-01
-2.857699062594722395e-01,4.679177407171057346e-01,5.596937539980406662e-01
-2.947374519497771850e-01,4.725611021709265613e-01,5.613906498708088888e-01
-3.030709436609680396e-01,4.771894912729082727e-01,5.630153068409007311e-01
-3.107282003797673386e-01,4.818021844678341270e-01,5.645695089216021811e-01
-3.176669140131516689e-01,4.863984832514465784e-01,5.660551094884783696e-01
-3.238447027636885411e-01,4.909777149502624893e-01,5.674740286305692827e-01
-3.292191640929904017e-01,4.955392334346713779e-01,5.688282504546853247e-01
-3.337479271485146448e-01,5.000824197657893766e-01,5.701198203505858375e-01
-3.373887045346945501e-01,5.046066827767693441e-01,5.713508422246165175e-01
-3.400993433155162782e-01,5.091114595894538075e-01,5.725234757091131055e-01
-3.418378751425408812e-01,5.135962160674834021e-01,5.736399333546421397e-01
-3.425625654091044581e-01,5.180604472071298483e-01,5.747024778118193789e-01
-3.422319613387501680e-01,5.225036774673089690e-01,5.757134190091554027e-01
-3.408049389232147286e-01,5.269254610403724115e-01,5.766751113330317313e-01
-3.382407486325824109e-01,5.313253820654142423e-01,5.775899508155625250e-01
-3.344990598281170069e-01,5.357030547859580327e-01,5.784603723357388816e-01
-3.295400038153576960e-01,5.400581236539933050e-01,5.792888468388700529e-01
-3.233242154829858439e-01,5.443902633824255766e-01,5.800778785789750813e-01
-3.158128734800692561e-01,5.486991789480840653e-01,5.808300023883679053e-01
-3.069677388919166972e-01,5.529846055474988420e-01,5.815477809783216046e-01
-2.967511923816605335e-01,5.572463085077076217e-01,5.822338022742916674e-01
-2.851262697720051698e-01,5.614840831543982391e-01,5.828906767888074603e-01
-2.720566960477984741e-01,5.656977546397096157e-01,5.835210350347602715e-01
-2.575069177674411680e-01,5.698871777320461129e-01,5.841275249814539272e-01
-2.414421338763128866e-01,5.740522365702430685e-01,5.847128095554186000e-01
-2.238283249224240490e-01,5.781928443844334131e-01,5.852795641876449295e-01
-2.046322806793388904e-01,5.823089431859438392e-01,5.858304744085702787e-01
-1.838216261868833301e-01,5.864005034285115769e-01,5.863682334918198791e-01
-1.613648462255763971e-01,5.904675236430988461e-01,5.868955401474116318e-01
-1.372313082445405230e-01,5.945100300485282041e-01,5.874150962648577723e-01
-1.113912837675775369e-01,5.985280761401112759e-01,5.879296047063172770e-01
-8.381596830548335153e-02,6.025217422583991622e-01,5.884417671497381708e-01
-5.447749980649715246e-02,6.064911351401092166e-01,5.889542819816725450e-01
-2.334897567984590278e-02,6.104363874532300338e-01,5.894698422392873338e-01
9.595531570107763975e-03,6.143576573182230049e-01,5.899911336008879514e-01
4.421066657836073693e-02,6.182551278171781739e-01,5.905208324241424389e-01
7.249650896699302849e-02,6.221290064926923158e-01,5.910616038310382292e-01
9.493440358305782478e-02,6.259795248381674337e-01,5.916160998385316949e-01
1.142891093378340384e-01,6.298069377811459368e-01,5.921869575337304070e-01
1.316995541490127708e-01,6.336115231612017284e-01,5.927767972924163908e-01
1.477594653952533643e-01,6.373935812038447057e-01,5.933882210396640433e-01
1.628218017291000741e-01,6.411534339917928094e-01,5.940238105512881672e-01
1.771150160270111296e-01,6.448914249348923766e-01,5.946861257948750090e-01
1.907960959631005149e-01,6.486079182398754028e-01,5.953777033091441906e-01
2.039778275724377643e-01,6.523032983810681529e-01,5.961010546204572602e-01
2.167440738938985478e-01,6.559779695730669768e-01,5.968586646953306651e-01
2.291589195482682251e-01,6.596323552463417839e-01,5.976529904278702343e-01
2.412724356462494502e-01,6.632668975266166056e-01,5.984864591611581686e-01
2.531244703175298261e-01,6.668820567188212811e-01,5.993614672416927025e-01
2.647472294246179247e-01,6.704783107963370181e-01,6.002803786060963986e-01
2.761670859159527924e-01,6.740561548961462313e-01,6.012455233994252746e-01
2.874058805660710259e-01,6.776161008204878433e-01,6.022591966245282036e-01
2.984818775494247345e-01,6.811586765454866743e-01,6.033236568220207152e-01
3.094104798423804592e-01,6.846844257372125542e-01,6.044411247805718812e-01
3.202047738121455156e-01,6.881939072755232090e-01,6.056137822773268731e-01
3.308759499493200140e-01,6.916876947860112201e-01,6.068437708483930271e-01
3.414336322334214358e-01,6.951663761803020813e-01,6.081331905894574730e-01
3.518861390510615306e-01,6.986305532049021938e-01,6.094840989866887604e-01
3.622406921196034690e-01,7.020808409987466803e-01,6.108985097781943763e-01
3.725035854141144909e-01,7.055178676595409426e-01,6.123783918463835407e-01
3.826803229725288524e-01,7.089422738189606887e-01,6.139256681416728201e-01
3.927757322299215148e-01,7.123547122266995490e-01,6.155422146380236104e-01
4.027940579257136000e-01,7.157558473433631718e-01,6.172298593208643824e-01
4.127390404512025768e-01,7.191463549421267532e-01,6.189903812079694534e-01
4.226139816327461607e-01,7.225269217190614102e-01,6.208255094038940269e-01
4.324218002923104209e-01,7.258982449120044977e-01,6.227369221885544759e-01
4.421650794321390077e-01,7.292610319278138853e-01,6.247262461405286293e-01
4.518461065116994857e-01,7.326159999778246723e-01,6.267950552956126353e-01
4.614669079929130668e-01,7.359638757212980664e-01,6.289448703411064656e-01
4.710292791023663050e-01,7.393053949166513705e-01,6.311771578462385124e-01
4.805348095808701925e-01,7.426413020802107301e-01,6.334933295290341437e-01
4.899849060498643882e-01,7.459723501522302902e-01,6.358947415598300568e-01
4.993808115119723889e-01,7.492993001699229660e-01,6.383826939015109225e-01
5.087236224132928308e-01,7.526229209472033999e-01,6.409584296863977126e-01
5.180143036226536601e-01,7.559439887608603303e-01,6.436231346295624434e-01
5.272537016243277197e-01,7.592632870428638325e-01,6.463779364781860881e-01
5.364425561729493364e-01,7.625816060785151063e-01,6.492239044963732386e-01
5.455815106202481779e-01,7.658997427101197353e-01,6.521620489846694513e-01
5.546711210908259471e-01,7.692185000459074162e-01,6.551933208333149405e-01
5.637118646576655401e-01,7.725386871738826322e-01,6.583186111080528979e-01
5.727041466457934993e-01,7.758611188803270498e-01,6.615387506671184248e-01
5.816483071740010669e-01,7.791866153726643152e-01,6.648545098077847104e-01
5.905446270291325739e-01,7.825160020064059196e-01,6.682665979406403611e-01
5.993933329542008304e-01,7.858501090159323299e-01,6.717756632895328650e-01
6.081946024207957047e-01,7.891897712488386007e-01,6.753822926148647099e-01
6.169485679467123784e-01,7.925358279036349707e-01,6.790870109577201719e-01
6.256553210119264463e-01,7.958891222705790636e-01,6.828902814020242351e-01
6.343149156191686400e-01,7.992505014754557324e-01,6.867925048516989595e-01
6.429273715396077726e-01,8.026208162261527779e-01,6.907940198195249293e-01
6.514926772791663767e-01,8.060009205618854367e-01,6.948951022241380837e-01
6.600107927966099020e-01,8.093916716050078008e-01,6.990959651913026818e-01
6.684816520009975171e-01,8.127939293153322309e-01,7.033967588553134975e-01
6.769051650527372344e-01,8.162085562469694189e-01,7.077975701560279553e-01
6.852812204897029691e-01,8.196364173077449466e-01,7.122984226266870778e-01
6.936096871975327982e-01,8.230783795212981424e-01,7.168992761672742242e-01
7.018904162409502767e-01,8.265353117920611892e-01,7.216000267977039639e-01
7.101232425711923035e-01,8.300080846733871587e-01,7.264005063846284971e-01
7.183079866228565535e-01,8.334975701392185465e-01,7.313004823350431893e-01
7.264444558121165851e-01,8.370046413597675983e-01,7.362996572491757874e-01
7.345324459468302036e-01,8.405301724818581288e-01,7.413976685243397480e-01
7.425717425579659858e-01,8.440750384147134300e-01,7.465940879004396846e-01
7.505621221605998095e-01,8.476401146221835825e-01,7.518884209366777371e-01
7.585033534518043075e-01,8.512262769226351944e-01,7.572801064076086774e-01
7.663951984517763938e-01,8.548344012979971485e-01,7.627685156050173498e-01
7.742374135936348489e-01,8.584653637138123239e-01,7.683529515300390189e-01
7.820297507664698555e-01,8.621200399525286162e-01,7.740326479574916041e-01
7.897719583152739142e-01,8.657993054627923790e-01,7.798067683513133508e-01
7.974637820005058275e-01,8.695040352280932749e-01,7.856744046062730247e-01
8.051049659189614127e-01,8.732351036588992255e-01,7.916345755864878653e-01
8.126952533865549055e-01,8.769933845133440764e-01,7.976862254255228102e-01
8.202343877822154683e-01,8.807797508527424046e-01,8.038282215456270530e-01
8.277221133506454942e-01,8.845950750396910367e-01,8.100593523446055766e-01
8.351581759596764520e-01,8.884402287884473060e-01,8.163783244872944156e-01
8.425423238055851360e-01,8.923160832797306652e-01,8.227837597239207046e-01
8.498743080566878438e-01,8.962235093552851639e-01,8.292741911386685150e-01
8.571538834214316172e-01,9.001633778117311691e-01,8.358480587071501766e-01
8.643808086219565423e-01,9.041365598187477426e-01,8.425037040091432061e-01
8.715548467468139382e-01,9.081439274940568129e-01,8.492393639000026528e-01
8.786757654467769463e-01,9.121863546776736165e-01,8.560531628865053477e-01
8.857433369239064991e-01,9.162647179617000592e-01,8.629431038743531346e-01
8.927573376447713871e-01,9.203798980510886629e-01,8.699070568461397812e-01
8.997175476809178285e-01,9.245327815580143271e-01,8.769427448764167687e-01
9.066237495390683243e-01,9.287242633716754625e-01,8.840477266731086026e-01
9.134757262829653612e-01,9.329552498029723973e-01,8.912193745177484638e-01
9.202732586561421790e-01,9.372266627902723357e-01,8.984548460049868179e-01
9.270161207703134787e-01,9.415394455861918477e-01,9.057510472605674323e-01
9.337040736908487348e-01,9.458945705577478380e-01,9.131045841827982734e-01
9.403368558632153595e-01,9.502930500806384684e-01,9.205116964094038901e-01
9.469141686542038583e-01,9.547359521024959550e-01,9.279681655993808898e-01
9.534356540709852945e-01,9.592244230093903701e-01,9.354691841220634796e-01
9.599008594119277094e-01,9.637597224241606364e-01,9.430091599970523708e-01
9.663091789010015420e-01,9.683432785745232918e-01,9.505814135232560913e-01
9.726597519606464681e-01,9.729767816227589128e-01,9.581776769176643116e-01
9.789512721986221022e-01,9.776623536174230411e-01,9.657872021524190886e-01
9.851815883924087691e-01,9.824028934973222382e-01,9.733949869352406248e-01
9.913467220905439747e-01,9.872029036447583783e-01,9.809776118219225571e-01
9.974376207049003851e-01,9.920711485681842356e-01,9.884901373464359819e-01
1.003410877078282581e+00,9.970437826621093569e-01,9.957555575207212017e-01
