1.987250802391268381e-05,1.958680178891895828e-05,1.952928953696901807e-05
3.281068532787772716e-04,3.524408993888210480e-04,2.835338910541429437e-04
9.210274585519862478e-04,1.022144270308600594e-03,7.630456043027066806e-04
1.752677645860353274e-03,1.997429871157945479e-03,1.410698386553527629e-03
2.795587033958920730e-03,3.264602940694840295e-03,2.200564667971690886e-03
4.028961555032455934e-03,4.816337893169379131e-03,3.115476222925819133e-03
5.435358163985275388e-03,6.648635641190312612e-03,4.143155772434932785e-03
6.999271860643105012e-03,8.759542157043172239e-03,5.274490428012328438e-03
8.706410748163403990e-03,1.114849008949571861e-02,6.502607283408779609e-03
1.054327962567393195e-02,1.381591679540157026e-02,7.822320638326434039e-03
1.249692211985061613e-02,1.676302334828659937e-02,9.229775753982727773e-03
1.455475235298051354e-02,1.999161271518716185e-02,1.072220655378353961e-02
1.670444085526253883e-02,2.350397566224445359e-02,1.229776405822755048e-02
1.893383518887870737e-02,2.730280704962214158e-02,1.395539112543608094e-02
2.123090379047344947e-02,3.139114233080886329e-02,1.569472882884362375e-02
2.358369592898931083e-02,3.577230796300956417e-02,1.751604522717724668e-02
2.598031320905221792e-02,4.044988167436311399e-02,1.942018046320885538e-02
2.840888957969733494e-02,4.517897056704340414e-02,2.140850407906563085e-02
3.085757776774360195e-02,4.987712281455212310e-02,2.348288167844167496e-02
3.331454067690117066e-02,5.454807406415607823e-02,2.564564888296218606e-02
3.576794670811086346e-02,5.919512575275012040e-02,2.789959108198651963e-02
3.820596823961805444e-02,6.382118957364613099e-02,3.024792785719248103e-02
4.061375595614772488e-02,6.842884511516539314e-02,3.269430123326917681e-02
4.290168944137392332e-02,7.302038646965663959e-02,3.524276710035637028e-02
4.507035981742143343e-02,7.759786030232759813e-02,3.789778929597231727e-02
4.711917385941608721e-02,8.216309722808168292e-02,4.066028472219358064e-02
4.904723424772145651e-02,8.671773788736800159e-02,4.342994648128937346e-02
5.085334962645551155e-02,9.126325478108313072e-02,4.620551352495588099e-02
5.253603945300249628e-02,9.580097068162946039e-02,4.899049919965991345e-02
5.409353400776751447e-02,1.003320742566110590e-01,5.178824924186783280e-02
5.552376973257464737e-02,1.048576334058014259e-01,5.460195629928848299e-02
5.682437988410927315e-02,1.093786067087189340e-01,5.743467222602709893e-02
5.799268031244837057e-02,1.138958533008107843e-01,6.028931852930296403e-02
5.902564999184847089e-02,1.184101414347591141e-01,6.316869527387766747e-02
5.991990572932364562e-02,1.229221559353348980e-01,6.607548869405804881e-02
6.067167024213779986e-02,1.274325047183335058e-01,6.901227771843038150e-02
6.127673251121610459e-02,1.319417245140272199e-01,7.198153957667732805e-02
6.173039896164327772e-02,1.364502859114967992e-01,7.498565462892742284e-02
6.202743356394024160e-02,1.409585978208313661e-01,7.802691053457305737e-02
6.216198434929248035e-02,1.454670114344768506e-01,8.110750585824008652e-02
6.212749302881005048e-02,1.499758237562300589e-01,8.422955319472139046e-02
6.191658331480905803e-02,1.544852807558839969e-01,8.739508188152633750e-02
6.152092203225640460e-02,1.589955801989014483e-01,9.060604035673239243e-02
6.093104498600911828e-02,1.635068741933426995e-01,9.386429821064717904e-02
6.013613651260297371e-02,1.680192714903311346e-01,9.717164797207952787e-02
5.912374721728557575e-02,1.725328395693740968e-01,1.005298066635207932e-01
5.787942780548972072e-02,1.770476065356908213e-01,1.039404171540648236e-01
5.638624687879444791e-02,1.815635628531900858e-01,1.074050493342622037e-01
5.462414487926998269e-02,1.860806629337726781e-01,1.109252011332059751e-01
5.256905113832909676e-02,1.905988266011179322e-01,1.145022993948537904e-01
5.019164905562831930e-02,1.951179404449613353e-01,1.181377006278282460e-01
4.745560204825090972e-02,1.996378590800408359e-01,1.218326916406289040e-01
4.431492230321053966e-02,2.041584063223172985e-01,1.255884900722666897e-01
4.070991605532944119e-02,2.086793762937097507e-01,1.294062448267488952e-01
3.660646029044904715e-02,2.132005344654241408e-01,1.332870364185566592e-01
3.216411053060629077e-02,2.177216186489317473e-01,1.372318772352133787e-01
2.738488888504009636e-02,2.222423399427717605e-01,1.412417117222329876e-01
2.226649638462488423e-02,2.267623836425761152e-01,1.453174164951046288e-01
1.680731218882976913e-02,2.312814101210398654e-01,1.494598003825080290e-01
1.100641973618809652e-02,2.357990556839523744e-01,1.536696044046337306e-01
4.863632732647169173e-03,2.403149334078851229e-01,1.579475016902703866e-01
-1.620479093267874733e-03,2.448286339646463805e-01,1.622940973362330952e-01
-8.444564542922396166e-03,2.493397264371945976e-01,1.667099282126740245e-01
-1.560646588549367830e-02,2.538477591313192394e-01,1.711954627178809973e-01
-2.310319426226495332e-02,2.583522603870439527e-01,1.757511004862807591e-01
-3.093090564143633620e-02,2.628527393933929868e-01,1.803771720535125300e-01
-3.908487741045232888e-02,2.673486870098629176e-01,1.850739384826435852e-01
-4.755948569564600464e-02,2.718395765976671097e-01,1.898415909558087700e-01
-5.634818350162128231e-02,2.763248648635667215e-01,1.946802503358016079e-01
-6.544347976502909447e-02,2.808039927188491491e-01,1.995899667023960378e-01
-7.483691941957984484e-02,2.852763861557905400e-01,2.045707188684329214e-01
-8.451906457077924817e-02,2.897414571437041397e-01,2.096224138809674176e-01
-9.447947688043079051e-02,2.941986045464645150e-01,2.147448865130237583e-01
-1.047067012619686682e-01,2.986472150631803157e-01,2.199378987517547901e-01
-1.151882509883504352e-01,3.030866641934724104e-01,2.252011392890301278e-01
-1.259105943146105189e-01,3.075163172286162760e-01,2.305342230207005350e-01
-1.368591427168340535e-01,3.119355302695813181e-01,2.359366905609867615e-01
-1.480182408487828449e-01,3.163436512728067251e-01,2.414080077786123768e-01
-1.593711583161392942e-01,3.207400211243326416e-01,2.469475653614687793e-01
-1.709000833666457220e-01,3.251239747426972748e-01,2.525546784167219116e-01
-1.825861185921734131e-01,3.294948422107972230e-01,2.582285861133820082e-01
-1.944092787357426522e-01,3.338519499366862653e-01,2.639684513744308125e-01
-2.063484906933547303e-01,3.381946218430821327e-01,2.697733606256531025e-01
-2.183815957960753285e-01,3.425221805851126899e-01,2.756423236083305750e-01
-2.304853544533438381e-01,3.468339487956252909e-01,2.815742732629468725e-01
-2.426354532330518288e-01,3.511292503571479262e-01,2.875680656910028499e-01
-2.548065144479776389e-01,3.554074116993712340e-01,2.936224802019582469e-01
-2.669721083115161875e-01,3.596677631207870762e-01,2.997362194522037449e-01
-2.791047677184214648e-01,3.639096401328952290e-01,3.059079096828145050e-01
-2.911760056983822009e-01,3.681323848251626396e-01,3.121361010626489962e-01
-3.031563355818253092e-01,3.723353472486919391e-01,3.184192681431396998e-01
-3.150152939081277137e-01,3.765178868163310266e-01,3.247558104308569393e-01
-3.267214660970654827e-01,3.806793737167388780e-01,3.311440530836353147e-01
-3.382425148938491000e-01,3.848191903397018554e-01,3.375822477357259266e-01
-3.495452115878124877e-01,3.889367327097895677e-01,3.440685734570612109e-01
-3.605954699934514895e-01,3.930314119252242278e-01,3.506011378513216870e-01
-3.713583831713331840e-01,3.971026555986617579e-01,3.571779782970654349e-01
-3.817982628544434598e-01,4.011499092963744517e-01,3.637970633356843453e-01
-3.918786815335530971e-01,4.051726379721646842e-01,3.704562942094806743e-01
-4.015625171430314277e-01,4.091703273921737938e-01,3.771535065525941643e-01
-4.108120002760364819e-01,4.131424855465966051e-01,3.838864722369568216e-01
-4.195887638457545532e-01,4.170886440441874954e-01,3.906529013748584744e-01
-4.278538950969045795e-01,4.210083594853184508e-01,3.974504444790827873e-01
-4.355679898594631561e-01,4.249012148092581875e-01,4.042766947809317557e-01
-4.426912089246221038e-01,4.287668206112612013e-01,4.111291907057894601e-01
-4.491833364111611493e-01,4.326048164249968742e-01,4.180054185052042848e-01
-4.550038399790174437e-01,4.364148719658169640e-01,4.249028150437509366e-01
-4.601119327360829736e-01,4.401966883303423672e-01,4.318187707382445950e-01
-4.644666366737262853e-01,4.439499991478673691e-01,4.387506326461496076e-01
-4.680268474570358217e-01,4.476745716791176721e-01,4.456957076993074973e-01
-4.707514003867147023e-01,4.513702078579551746e-01,4.526512660783890696e-01
-4.725991373414252239e-01,4.550367452717201666e-01,4.596145447227478198e-01
-4.735289745021737939e-01,4.586740580760181873e-01,4.665827509696549025e-01
-4.734999706539500530e-01,4.622820578398893487e-01,4.735530663161857112e-01
-4.724713958546167825e-01,4.658606943174900539e-01,4.805226502963526047e-01
-4.704028002568558242e-01,4.694099561425976730e-01,4.874886444654160100e-01
-4.672540828658014456e-01,4.729298714424787220e-01,4.944481764826749726e-01
-4.629855600132440907e-01,4.764205083679088903e-01,5.013983642834229926e-01
-4.575580333283896239e-01,4.798819755364120421e-01,5.083363203301988209e-01
-4.509328569859191727e-01,4.833144223860781907e-01,5.152591559329213755e-01
-4.430720040134836224e-01,4.867180394376356412e-01,5.221639856270033908e-01
-4.339381314441619342e-01,4.900930584628130915e-01,5.290479315981079234e-01
-4.234946441031551267e-01,4.934397525573576693e-01,5.359081281418102138e-01
-4.117057568237943999e-01,4.967584361174797736e-01,5.427417261460844022e-01
-3.985365548940842384e-01,5.000494647188630237e-01,5.495458975842590910e-01
-3.839530525430399632e-01,5.033132348977984449e-01,5.563178400058491624e-01
-3.679222492845743986e-01,5.065501838344061980e-01,5.630547810125215991e-01
-3.504121839464059973e-01,5.097607889383206636e-01,5.697539827063327067e-01
-3.313919862224978252e-01,5.129455673376605018e-01,5.764127460973513806e-01
-3.108319255985778073e-01,5.161050752725045987e-01,5.830284154578039280e-01
-2.887034575128936131e-01,5.192399073945325183e-01,5.895983826099655545e-01
-2.649792666274677910e-01,5.223506959749070200e-01,5.961200911351928200e-01
-2.396333070982182012e-01,5.254381100228752155e-01,6.025910404916964280e-01
-2.126408397468740052e-01,5.285028543179784988e-01,6.090087900289604672e-01
-1.839784660516307346e-01,5.315456683591349707e-01,6.153709628870477344e-01
-1.536241588883850984e-01,5.345673252342347803e-01,6.216752497694481017e-01
-1.215572899691319403e-01,5.375686304142340832e-01,6.279194125785904079e-01
-8.775865393872211984e-02,5.405504204760547271e-01,6.341012879036668215e-01
-5.221048910675089860e-02,5.435135617589229584e-01,6.402187903509797273e-01
-1.489649480470904390e-02,5.464589489590135907e-01,6.462699157076656764e-01
2.419815462581663412e-02,5.493875036675607282e-01,6.522527439302872043e-01
6.137198974377156696e-02,5.523001728577739966e-01,6.581654419505225118e-01
8.858844070131033366e-02,5.551979273261066217e-01,6.640062662908913227e-01
1.108346040310347613e-01,5.580817600935548128e-01,6.697735654842549291e-01
1.302435053830095779e-01,5.609526847728033561e-01,6.754657822916092513e-01
1.477840643990946390e-01,5.638117339070902734e-01,6.810814557135068670e-01
1.639883677099729375e-01,5.666599572867290213e-01,6.866192227912761847e-01
1.791833903093512093e-01,5.694984202492261449e-01,6.920778201950640307e-01
1.935857437388923130e-01,5.723282019689105438e-01,6.974560855965372674e-01
2.073468800809125656e-01,5.751503937419291113e-01,7.027529588249618042e-01
2.205770847876777352e-01,5.779660972723755785e-01,7.079674828061883751e-01
2.333592536488860447e-01,5.807764229651913857e-01,7.130988042849181197e-01
2.457572987103664452e-01,5.835824882313200845e-01,7.181461743314143664e-01
2.578215312258944625e-01,5.863854158104191416e-01,7.231089486346453654e-01
2.695922476664771583e-01,5.891863321162120748e-01,7.279865875845726864e-01
2.811021985582015659e-01,5.919863656093352633e-01,7.327786561470720494e-01
2.923783361901535760e-01,5.947866452022716466e-01,7.374848235356467052e-01
3.034430817385364576e-01,5.975882987006825298e-01,7.421048626847888130e-01
3.143152631900406613e-01,6.003924512851596118e-01,7.466386495304488946e-01
3.250108223020166665e-01,6.032002240370977209e-01,7.510861621036780678e-01
3.355433560787892677e-01,6.060127325120746589e-01,7.554474794440451113e-01
3.459245374504297810e-01,6.088310853637881603e-01,7.597227803399230206e-01
3.561644462955830259e-01,6.116563830212662367e-01,7.639123419031985662e-01
3.662718329208204393e-01,6.144897164217146823e-01,7.680165379863529429e-01
3.762543299646058936e-01,6.173321658010355595e-01,7.720358374502127585e-01
3.861186244339754881e-01,6.201847995437008709e-01,7.759708022909850289e-01
3.958705985783700365e-01,6.230486730933305628e-01,7.798220856354223240e-01
4.055154461543939437e-01,6.259248279249924884e-01,7.835904296131946944e-01
4.150577690735972602e-01,6.288142905799229965e-01,7.872766631156647987e-01
4.245016582767888735e-01,6.317180717630483944e-01,7.908816994504159759e-01
4.338507618232779750e-01,6.346371655034040993e-01,7.944065339009014348e-01
4.431083425401529663e-01,6.375725483772334279e-01,7.978522412006254783e-01
4.522773270874121398e-01,6.405251787933209373e-01,8.012199729312360352e-01
4.613603479194299806e-01,6.434959963398163563e-01,8.045109548538413868e-01
4.703597793325168808e-01,6.464859211916123005e-01,8.077264841827529462e-01
4.792777685613625605e-01,6.494958535770845032e-01,8.108679268107270577e-01
4.881162627086261252e-01,6.525266733028430854e-01,8.139367144945929278e-01
4.968770321504442644e-01,6.555792393349214597e-01,8.169343420099510755e-01
5.055616909476708942e-01,6.586543894347159922e-01,8.198623642834027558e-01
5.141717147019633227e-01,6.617529398478141367e-01,8.227223935104799324e-01
5.227084562226358422e-01,6.648756850437463894e-01,8.255160962672112301e-01
5.311731593105555316e-01,6.680233975045861694e-01,8.282451906229059135e-01
5.395669709167153494e-01,6.711968275602484546e-01,8.309114432614496115e-01
5.478909518931908140e-01,6.743967032682578466e-01,8.335166666180588990e-01
5.561460865210989812e-01,6.776237303357215414e-01,8.360627160380951217e-01
5.643332909729100733e-01,6.808785920811968317e-01,8.385514869641822466e-01
5.724534208435505533e-01,6.841619494341294461e-01,8.409849121575114772e-01
5.805072778657611732e-01,6.874744409695399128e-01,8.433649589588421147e-01
5.884956159090902750e-01,6.908166829756212657e-01,8.456936265943458819e-01
5.964191463483535793e-01,6.941892695519638057e-01,8.479729435310658925e-01
6.042785428760532040e-01,6.975927727361194153e-01,8.502049648864059561e-01
6.120744458234109731e-01,7.010277426562779857e-01,8.523917698956804401e-01
6.198074660464706342e-01,7.044947077078602682e-01,8.545354594414308336e-01
6.274781884265882015e-01,7.079941747519012951e-01,8.566381536478377967e-01
6.350871750285814743e-01,7.115266293331372616e-01,8.587019895432418393e-01
6.426349679545575455e-01,7.150925359157948025e-01,8.607291187934483778e-01
6.501220919269389276e-01,7.186923381351207896e-01,8.627217055081854991e-01
6.575490566303450191e-01,7.223264590627841431e-01,8.646819241227818864e-01
6.649163588385086365e-01,7.259953014843422148e-01,8.666119573568569212e-01
6.722244843495907007e-01,7.296992481870221425e-01,8.685139942515412992e-01
6.794739097506016234e-01,7.334386622561587243e-01,8.703902282865166873e-01
6.866651040294891040e-01,7.372138873786792113e-01,8.722428555779216941e-01
6.937985300514341036e-01,7.410252481520968049e-01,8.740740731579743628e-01
7.008746459142636276e-01,7.448730503975374839e-01,8.758860773369909758e-01
7.078939061963555046e-01,7.487575814753765213e-01,8.776810621483100983e-01
7.148567631091364838e-01,7.526791106021162303e-01,8.794612178765035537e-01
7.217636675651575295e-01,7.566378891671645679e-01,8.812287296691645455e-01
7.286150701716705980e-01,7.606341510482518276e-01,8.829857762324767601e-01
7.354114221588715639e-01,7.646681129241953423e-01,8.847345286107348716e-01
7.421531762511597297e-01,7.687399745837838472e-01,8.864771490499813167e-01
7.488407874891335192e-01,7.728499192295501530e-01,8.882157899459490746e-01
7.554747140095272595e-01,7.769981137751870159e-01,8.899525928765892324e-01
7.620554177898102299e-01,7.811847091353605332e-01,8.916896877195624738e-01
7.685833653638070029e-01,7.854098405066299859e-01,8.934291918552695888e-01
7.750590285144349778e-01,7.896736276381357555e-01,8.951732094562067088e-01
7.814828849493580254e-01,7.939761750906622062e-01,8.969238308637582646e-01
7.878554189653106388e-01,7.983175724825655184e-01,8.986831320538892776e-01
7.941771221067535080e-01,8.026978947209509885e-01,9.004531741937104039e-01
8.004484938245003400e-01,8.071172022163368709e-01,9.022360032914307215e-01
8.066700421401440391e-01,8.115755410788344504e-01,9.040336499429628692e-01
8.128422843222645744e-01,8.160729432936626448e-01,9.058481291792913614e-01
8.189657475807632370e-01,8.206094268734984709e-01,9.076814404197793840e-01
8.250409697860303648e-01,8.251849959848486238e-01,9.095355675378838933e-01
8.310685002203801464e-01,8.297996410451539129e-01,9.114124790473228099e-01
8.370489003698202701e-01,8.344533387868243723e-01,9.133141284186655495e-01
8.429827447652711303e-01,8.391460522837631553e-01,9.152424545387010113e-01
8.488706218835972983e-01,8.438777309350795619e-01,9.171993823278605795e-01
8.547131351203448579e-01,8.486483103997377597e-01,9.191868235346372096e-01
8.605109038480366346e-01,8.534577124746078880e-01,9.212066777304933618e-01
8.662645645764162072e-01,8.583058449068173834e-01,9.232608335345068307e-01
8.719747722340935869e-01,8.631926011293232781e-01,9.253511701042954618e-01
8.776422015951267364e-01,8.681178599060943579e-01,9.274795589391040540e-01
8.832675488791074114e-01,8.730814848700624298e-01,9.296478660529932103e-01
8.888515335600226663e-01,8.780833239327930917e-01,9.318579545917943241e-01
8.943949004277189641e-01,8.831232085393452280e-01,9.341116879882136459e-01
8.998984219571732890e-01,8.882009527345251509e-01,9.364109337770794017e-01
9.053629010558938983e-01,8.933163519970058752e-01,9.387575682299762470e-01
9.107891742801500490e-01,8.984691817846015560e-01,9.411534820194862316e-01
9.161781156386913372e-01,9.036591957157874555e-01,9.436005871939562306e-01
9.215306411413057841e-01,9.088861232871662255e-01,9.461008258435049667e-01
9.268477143045800171e-01,9.141496669903215189e-01,9.486561809812924517e-01
9.321303529063477145e-01,9.194494986388915825e-01,9.512686903740864564e-01
9.373796373971603479e-01,9.247852546384927042e-01,9.539404643708576659e-01
9.425967215538954003e-01,9.301565298129411685e-01,9.566737092618234906e-01
9.477828462355971650e-01,9.355628692134125846e-01,9.594707584653719978e-01
9.529393575440224806e-01,9.410037570343512403e-01,9.623341150909417996e-01
9.580677314301307979e-01,9.464786012502078849e-01,9.652665115503312743e-01
9.631696080789088343e-01,9.519867116891246317e-01,9.682709956651326388e-01
9.682468417847164277e-01,9.575272675908655939e-01,9.713510597988447293e-01
9.733015767143410324e-01,9.630992673832531326e-01,9.745108437276405189e-01
9.783363689656224826e-01,9.687014462706303730e-01,9.777554728253780025e-01
9.833543991216199265e-01,9.743321301036830251e-01,9.810916678546338643e-01
9.883598848528892811e-01,9.799889465194865368e-01,9.845289718680833024e-01
9.933590252048963842e-01,9.856681513658150928e-01,9.880826653059661124e-01
9.983628931396771877e-01,9.913625232301942480e-01,9.917830665521530920e-01
1.003410877078282581e+00,9.970437826621093569e-01,9.957555575207212017e-01
