1.987250802391268381e-05,1.958680178891895828e-05,1.952928953696901807e-05
3.821747537140886904e-04,3.223184764610075698e-04,3.682289510307921077e-04
1.130357971190460321e-03,9.058613625107553476e-04,1.087411900508992177e-03
2.237510251952788774e-03,1.728694221423482434e-03,2.155939514699430157e-03
3.692190125030280108e-03,2.768517028767428830e-03,3.569762249640236196e-03
5.487807554125585623e-03,4.010384174826644131e-03,5.331100025366573500e-03
7.619941119688377999e-03,5.443301922390801108e-03,7.445594893853117215e-03
1.008526376529889600e-02,7.058756260672507249e-03,9.921132168307278745e-03
1.288101532010488097e-02,8.849942581789014065e-03,1.276724269570827727e-02
1.600470907855930727e-02,1.081131335836399941e-02,1.599475972877519026e-02
1.945395378837502451e-02,1.293829092931580473e-02,1.961560410729425163e-02
2.322633837786830524e-02,1.522707449136909315e-02,2.364264056409141196e-02
2.731935334498909740e-02,1.767450472948763410e-02,2.808957623678792412e-02
3.173033480581501781e-02,2.027796567270543152e-02,3.297088549620754566e-02
3.645642319681485083e-02,2.303531165483190674e-02,3.830175177231303490e-02
4.146933266935220325e-02,2.594481181838982978e-02,4.394663647063382778e-02
4.646631533002667375e-02,2.900510724841947122e-02,4.958920326661358374e-02
5.139861185407735428e-02,3.221517743284130902e-02,5.523683300924902423e-02
5.626918993020655485e-02,3.557431376311154247e-02,6.089385494057209663e-02
6.108051454807240238e-02,3.908209845264254412e-02,6.656403268485919233e-02
6.583463262515845682e-02,4.266387871589808617e-02,7.225065178693315660e-02
7.053323958637394697e-02,4.619682657778580864e-02,7.795658858591386631e-02
7.517773240226291454e-02,4.969383458336914389e-02,8.368436504287218858e-02
7.976925231734055544e-02,5.315807945501813819e-02,8.943619284264686664e-02
8.430871962518496354e-02,5.659249370301776966e-02,9.521400919726669132e-02
8.879686223507246567e-02,5.999979940172884413e-02,1.010195061529167715e-01
9.323423933979194111e-02,6.338253629717138793e-02,1.068541547567629924e-01
9.762126118006855813e-02,6.674308536626583077e-02,1.127192251176043492e-01
1.019582056709499029e-01,7.008368869195846784e-02,1.186158031578978256e-01
1.062452324848999485e-01,7.340646632779848635e-02,1.245448046790682828e-01
1.104823950583112002e-01,7.671343068191313619e-02,1.305069872300134715e-01
1.146696508910512169e-01,8.000649884094368502e-02,1.365029601684281946e-01
1.188068704342608028e-01,8.328750317038133288e-02,1.425331932276099056e-01
1.228938448040991782e-01,8.655820046244308563e-02,1.485980238418056210e-01
1.269302925142580252e-01,8.982027985150417559e-02,1.546976634365909431e-01
1.309158653847884990e-01,9.307536967677146333e-02,1.608322028541007420e-01
1.348501537568462527e-01,9.632504343980990980e-02,1.670016170538207168e-01
1.387326911206435975e-01,9.957082497888947170e-02,1.732057692063961596e-01
1.425629582460190836e-01,1.028141929614497796e-01,1.794444142791843666e-01
1.463403868905427119e-01,1.060565847792600547e-01,1.857172021971223996e-01
1.500643631483341567e-01,1.092993999172310327e-01,1.920236806501210147e-01
1.537342304931558767e-01,1.125440028557124772e-01,1.983632976080603738e-01
1.573492925614509708e-01,1.157917255569642923e-01,2.047354035961064800e-01
1.609088157144872577e-01,1.190438695789753365e-01,2.111392537761231369e-01
1.644120314133647454e-01,1.223017078535870439e-01,2.175740098741675843e-01
1.678581384361467199e-01,1.255664861607408422e-01,2.240387419891805010e-01
1.712463049626185563e-01,1.288394243264187611e-01,2.305324303138729380e-01
1.745756705490212057e-01,1.321217171683136682e-01,2.370539667952956120e-01
1.778453480124459474e-01,1.354145352103586220e-01,2.436021567595788584e-01
1.810544252423382239e-01,1.387190251848289257e-01,2.501757205227168046e-01
1.842019669546419436e-01,1.420363103387533854e-01,2.567732950070117925e-01
1.872870164025071671e-01,1.453674905597429345e-01,2.633934353807857454e-01
1.903085970560978168e-01,1.487136423350266801e-01,2.700346167372043582e-01
1.932657142628489977e-01,1.520758185564184961e-01,2.766952358264512801e-01
1.961573568985294780e-01,1.554550481830868358e-01,2.833736128540529364e-01
1.989824990185749543e-01,1.588523357733355179e-01,2.900679933568262037e-01
2.017401015184317470e-01,1.622686608960882404e-01,2.967765501666894123e-01
2.044291138109948225e-01,1.657049774323903213e-01,3.034973854714246300e-01
2.070484755286911560e-01,1.691622127769538131e-01,3.102285329803937675e-01
2.095971182572747282e-01,1.726412669495948904e-01,3.169679602021648335e-01
2.120739673080038745e-01,1.761430116262837353e-01,3.237135708400020739e-01
2.144779435345451901e-01,1.796682890994638071e-01,3.304632073102073964e-01
2.168079652006335567e-01,1.832179111772839764e-01,3.372146533873398022e-01
2.190629499043425521e-01,1.867926580313710450e-01,3.439656369794242829e-01
2.212418165645658186e-01,1.903932770028204935e-01,3.507138330353246070e-01
2.233434874752383559e-01,1.940204813760864899e-01,3.574568665855707428e-01
2.253668904326906475e-01,1.976749491304962136e-01,3.641923159170138424e-01
2.273109609415046029e-01,2.013573216791181286e-01,3.709177158808132924e-01
2.291746445042165958e-01,2.050682026047216389e-01,3.776305613323699406e-01
2.309568990002733302e-01,2.088081564025244807e-01,3.843283107009525246e-01
2.326566971597244793e-01,2.125777072393737477e-01,3.910083896859115060e-01
2.342730291372737139e-01,2.163773377389083818e-01,3.976681950755221462e-01
2.358049051925124595e-01,2.202074878021135218e-01,4.043050986836699279e-01
2.372513584824010868e-01,2.240685534724940475e-01,4.109164513987803025e-01
2.386114479723916437e-01,2.279608858548728412e-01,4.174995873385959899e-01
2.398842614729352340e-01,2.318847900965473330e-01,4.240518281036453896e-01
2.410689188086120871e-01,2.358405244392006161e-01,4.305704871214916518e-01
2.421645751276293446e-01,2.398282993496050342e-01,4.370528740731579598e-01
2.431704243600479876e-01,2.438482767367328718e-01,4.434962993924307928e-01
2.440857028338457302e-01,2.479005692624086654e-01,4.498980788281303211e-01
2.449096930586975862e-01,2.519852397521443743e-01,4.562555380588190768e-01
2.456417276883284262e-01,2.561023007122219530e-01,4.625660173489016258e-01
2.462811936732955953e-01,2.602517139585174832e-01,4.688268762345441654e-01
2.468275366172726359e-01,2.644333903619063286e-01,4.750354982274340165e-01
2.472802653511748106e-01,2.686471897144596666e-01,4.811892955239882030e-01
2.476389567409913450e-01,2.728929207199228268e-01,4.872857137073179357e-01
2.479032607467113736e-01,2.771703411112956261e-01,4.933222364289857054e-01
2.480729057515776992e-01,2.814791578975895381e-01,4.992963900574113878e-01
2.481477041828282215e-01,2.858190277411079561e-01,5.052057482796434851e-01
2.481275584471568374e-01,2.901895574658764354e-01,5.110479366431762704e-01
2.480124672064781266e-01,2.945903046970949068e-01,5.168206370244942116e-01
2.478025320219990890e-01,2.990207786307698123e-01,5.225215920111224710e-01
2.474979643972413657e-01,3.034804409319618035e-01,5.281486091841182118e-01
2.470990932534634088e-01,3.079687067593957495e-01,5.336995652881709740e-01
2.466063728738286942e-01,3.124849459134895202e-01,5.391724102767773141e-01
2.460203913557458821e-01,3.170284841042209645e-01,5.445651712203299910e-01
2.453418796138238100e-01,3.215986043346437673e-01,5.498759560653980749e-01
2.445717209791317126e-01,3.261945483952511382e-01,5.551029572339697404e-01
2.437109614433343729e-01,3.308155184638852386e-01,5.602444550520085942e-01
2.427608205993023183e-01,3.354606788053540734e-01,5.652988209972723554e-01
2.417227033322286167e-01,3.401291575644945220e-01,5.702645207570367081e-01
2.405982123175171017e-01,3.448200486459817582e-01,5.751401170870908963e-01
2.393891613829750020e-01,3.495324136738583998e-01,5.799242724641245905e-01
2.380975897933846896e-01,3.542652840234272182e-01,5.846157515244546632e-01
2.367257775146038856e-01,3.590176629179023249e-01,5.892134232828801776e-01
2.352762615117379164e-01,3.637885275820175179e-01,5.937162631263116497e-01
2.337518531311312264e-01,3.685768314446168370e-01,5.981233545777466798e-01
2.321556566080615891e-01,3.733815063821800395e-01,6.024338908270427950e-01
2.304910887307987100e-01,3.782014649951543350e-01,6.066471760258945745e-01
2.287618996756413670e-01,3.830356029089834191e-01,6.107626263453321824e-01
2.269721950060762938e-01,3.878828010917573232e-01,6.147797707949911317e-01
2.251264588008318746e-01,3.927419281805067941e-01,6.186982518043315782e-01
2.232295778390036012e-01,3.976118428082875411e-01,6.225178255668921690e-01
2.212868667240435738e-01,4.024913959243843764e-01,6.262383621495465347e-01
2.193040937704964222e-01,4.073794331001758251e-01,6.298598453696112598e-01
2.172875074062439738e-01,4.122747968134433116e-01,6.333823724434872737e-01
2.152438627568036278e-01,4.171763287041944657e-01,6.368061534113178546e-01
2.131804479753828807e-01,4.220828717953754583e-01,6.401315103429204845e-01
2.111051097616821193e-01,4.269932726721850091e-01,6.433588763309752157e-01
2.090262773730636736e-01,4.319063836140626389e-01,6.464887942781287755e-01
2.069529842743527137e-01,4.368210646737907266e-01,6.495219154853013599e-01
2.048948863986592150e-01,4.417361856985626001e-01,6.524589980490825836e-01
2.028622758054808850e-01,4.466506282882505841e-01,6.553009050765991050e-01
2.008660883302000322e-01,4.515632876865522394e-01,6.580486027267344884e-01
1.989179036311805038e-01,4.564730746010888240e-01,6.607031580869783260e-01
1.970299358705817072e-01,4.613789169489730946e-01,6.632657368955484634e-01
1.952150131315597559e-01,4.662797615247922800e-01,6.657376011187208231e-01
1.934865436003345707e-01,4.711745755883638975e-01,6.681201063935426898e-01
1.918584665542042988e-01,4.760623483700578418e-01,6.704146993462953841e-01
1.903451863257157595e-01,4.809420924918838547e-01,6.726229147971819478e-01
1.889614876897156570e-01,4.858128453029512683e-01,6.747463728618021683e-01
1.877224315711482350e-01,4.906736701283043733e-01,6.767867759599829336e-01
1.866432306170024702e-01,4.955236574305145747e-01,6.787459057424972686e-01
1.857391050212821859e-01,5.003619258837816997e-01,6.806256199461222511e-01
1.850251200232203852e-01,5.051876233606377165e-01,6.824278491873513319e-01
1.845160076759759515e-01,5.099999278316991180e-01,6.841545937048996162e-01
1.842259767378207347e-01,5.147980481792082674e-01,6.858079200609182857e-01
1.841685157730256484e-01,5.195812249254122550e-01,6.873899578105824304e-01
1.843561956460718354e-01,5.243487308771057620e-01,6.889028961494136905e-01
1.848004784203680362e-01,5.290998716879117270e-01,6.903489805473886909e-01
1.855115401061566971e-01,5.338339863401153629e-01,6.917305093785088843e-01
1.864981146431212433e-01,5.385504475480817899e-01,6.930498305541548110e-01
1.877673658972365545e-01,5.432486620854811710e-01,6.943093381681160192e-01
1.893247933050712650e-01,5.479280710387089970e-01,6.955114691608009769e-01
1.911741751841543047e-01,5.525881499890605841e-01,6.966587000096661209e-01
1.933175517789635645e-01,5.572284091263279837e-01,6.977535434524810842e-01
1.957552480063021183e-01,5.618483932966261696e-01,6.987985452495741878e-01
1.984859337996277562e-01,5.664476819873157654e-01,6.997962809907544157e-01
2.015067181168557764e-01,5.710258892520062579e-01,7.007493529521373610e-01
2.048132712250342324e-01,5.755826635786365220e-01,7.016603870076369986e-01
2.083999689052430937e-01,5.801176877037088619e-01,7.025320295994350595e-01
2.122600517696753841e-01,5.846306783757533321e-01,7.033669447712700418e-01
2.163857929252495649e-01,5.891213860711119743e-01,7.041678112679610191e-01
2.207686676822179228e-01,5.935895946651421617e-01,7.049373197041275407e-01
2.253995197887397883e-01,5.980351210618999325e-01,7.056781698046470375e-01
2.302687196567784200e-01,6.024578147853506538e-01,7.063930677189889096e-01
2.353663111182119350e-01,6.068575575351021767e-01,7.070847234111554691e-01
2.406821443163054686e-01,6.112342627096106762e-01,7.077558481265888712e-01
2.462059933221535379e-01,6.155878748997427596e-01,7.084091519370431245e-01
2.519276579193096555e-01,6.199183693555173624e-01,7.090473413640677736e-01
2.578370496970550096e-01,6.242257514287624653e-01,7.096731170814442047e-01
2.639242631268480799e-01,6.285100559943397336e-01,7.102891716965952229e-01
2.701796326755374622e-01,6.327713468525266727e-01,7.108981876107245412e-01
2.765937772511362636e-01,6.370097161149972376e-01,7.115028349571702604e-01
2.831576334032851472e-01,6.412252835768131876e-01,7.121057696172252705e-01
2.898624787367309885e-01,6.454181960766808279e-01,7.127096313124590132e-01
2.966999469634765685e-01,6.495886268476546155e-01,7.133170417723873058e-01
3.036620359394460733e-01,6.537367748603594153e-01,7.139306029761409711e-01
3.107411099209959060e-01,6.578628641606846239e-01,7.145528954666653387e-01
3.179298971495060355e-01,6.619671432038238823e-01,7.151864767358210306e-01
3.252214837391487756e-01,6.660498841863941033e-01,7.158338796786570812e-01
3.326093047110040279e-01,6.701113823782879342e-01,7.164976111150304083e-01
3.400871328915299197e-01,6.741519554558028648e-01,7.171801503766768171e-01
3.476490662780073460e-01,6.781719428374763936e-01,7.178839479577673321e-01
3.552895143696573887e-01,6.821717050239697322e-01,7.186114242269574515e-01
3.630031838714262160e-01,6.861516229432385039e-01,7.193649681988991684e-01
3.707850640978787027e-01,6.901120973021319660e-01,7.201469363631813891e-01
3.786304123364130358e-01,6.940535479454623680e-01,7.209596515686590434e-01
3.865347393713868818e-01,6.979764132235171115e-01,7.218054019611522820e-01
3.944937953226482219e-01,7.018811493688668079e-01,7.226864399725114740e-01
4.025035559120704876e-01,7.057682298832774759e-01,7.236049813590882396e-01
4.105602092392487967e-01,7.096381449354205451e-01,7.245632042876809509e-01
4.186601431211373070e-01,7.134914007700188243e-01,7.255632484670876403e-01
4.267999330293801297e-01,7.173285191289862084e-01,7.266072143234347802e-01
4.349763306423845566e-01,7.211500366850622790e-01,7.276971622175273380e-01
4.431862530163710456e-01,7.249565044883585774e-01,7.288351117025098080e-01
4.514267723695293832e-01,7.287484874261928036e-01,7.300230408202028620e-01
4.596951064660526609e-01,7.325265636965248017e-01,7.312628854345392115e-01
4.679886095813697300e-01,7.362913242952503490e-01,7.325565386005812307e-01
4.763047640259923665e-01,7.400433725175658006e-01,7.339058499676717195e-01
4.846411722028222679e-01,7.437833234735856669e-01,7.353126252153197040e-01
4.929955491712906812e-01,7.475118036183321379e-01,7.367786255204796797e-01
5.013657156908191137e-01,7.512294502961985865e-01,7.383055670549305560e-01
5.097495917160620449e-01,7.549369112999447795e-01,7.398951205115000818e-01
5.181451903164547845e-01,7.586348444442884142e-01,7.415489106579237211e-01
5.265506119935297047e-01,7.623239171540723280e-01,7.432685159171376066e-01
5.349640393700488827e-01,7.660048060670378023e-01,7.450554679728446095e-01
5.433837322261971803e-01,7.696781966511774264e-01,7.469112513991732483e-01
5.518080228591732972e-01,7.733447828366482035e-01,7.488373033132790235e-01
5.602353117437581798e-01,7.770052666622080384e-01,7.508350130496859176e-01
5.686640634725691479e-01,7.806603579361699463e-01,7.529057218551757913e-01
5.770928029560973282e-01,7.843107739118282407e-01,7.550507226029625762e-01
5.855201118636299551e-01,7.879572389773674690e-01,7.572712595248561884e-01
5.939446252874978072e-01,7.916004843602489904e-01,7.595685279600347117e-01
6.023650286140560528e-01,7.952412478461104994e-01,7.619436741189777873e-01
6.107800545859362051e-01,7.988802735122352283e-01,7.643977948609856909e-01
6.191884805410327042e-01,8.025183114756876401e-01,7.669319374836132130e-01
6.275891258146496510e-01,8.061561176562610509e-01,7.695470995221901367e-01
6.359808492920030476e-01,8.097944535544251421e-01,7.722442285574345755e-01
6.443625470990740345e-01,8.134340860445408161e-01,7.750242220289926820e-01
6.527331504204906265e-01,8.170757871836767938e-01,7.778879270525004275e-01
6.610916234336826625e-01,8.207203340364550570e-01,7.808361402375323390e-01
6.694369613491087945e-01,8.243685085164591531e-01,7.838696075035060939e-01
6.777681885467845557e-01,8.280210972448632800e-01,7.869890238903011204e-01
6.860843567996497416e-01,8.316788914270898392e-01,7.901950333599588872e-01
6.943845435746522909e-01,8.353426867484645690e-01,7.934882285854267803e-01
7.026678504024695959e-01,8.390132832900636384e-01,7.968691507217935399e-01
7.109334013069742442e-01,8.426914854661543552e-01,8.003382891549050138e-01
7.191803412853210453e-01,8.463781019849567766e-01,8.038960812215816265e-01
7.274078348294764629e-01,8.500739458347496003e-01,8.075429118948742602e-01
7.356150644795487192e-01,8.537798342977823696e-01,8.112791134268895199e-01
7.438012293987600332e-01,8.574965889949284215e-01,8.151049649406264530e-01
7.519655439591808044e-01,8.612250359645817754e-01,8.190206919609703817e-01
7.601072363262202369e-01,8.649660057800462321e-01,8.230264658734699479e-01
7.682255470286633026e-01,8.687203337104905110e-01,8.271224032976369767e-01
7.763197274991746610e-01,8.724888599316285021e-01,8.313085653592764412e-01
7.843890385680716282e-01,8.762724297935610140e-01,8.355849568435822494e-01
7.924327488902234151e-01,8.800718941548572039e-01,8.399515252073757043e-01
8.004501332813448444e-01,8.838881097939532694e-01,8.444081594246458655e-01
8.084404709352808194e-01,8.877219399114877341e-01,8.489546886343433130e-01
8.164030434877952436e-01,8.915742547404176266e-01,8.535908805527883114e-01
8.243371328846631485e-01,8.954459322848808966e-01,8.583164396047161526e-01
8.322420190017009167e-01,8.993378592140667260e-01,8.631310047162955579e-01
8.401169769510389296e-01,9.032509319442930673e-01,8.680341466996494004e-01
8.479612739903380492e-01,9.071860579516021206e-01,8.730253651403730997e-01
8.557741659279987090e-01,9.111441573693156437e-01,8.781040846757219853e-01
8.635548928854364092e-01,9.151261649413482413e-01,8.832696505192876302e-01
8.713026742336115182e-01,9.191330324244463279e-01,8.885213230448305577e-01
8.790167024598484202e-01,9.231657315634863581e-01,8.938582711826031924e-01
8.866961356345832712e-01,9.272252578076631835e-01,8.992795642985756954e-01
8.943400880232071914e-01,9.313126349980404006e-01,9.047841621090952913e-01
9.019476182054232405e-01,9.354289213486436383e-01,9.103709020124091111e-01
9.095177137901010456e-01,9.395752171805147324e-01,9.160384829647122418e-01
9.170492713909637050e-01,9.437526750788379770e-01,9.217854446423280335e-01
9.245410698587830378e-01,9.479625134759942506e-01,9.276101400273045750e-01
9.319917336687759679e-01,9.522060352067257538e-01,9.335106985760458498e-01
9.393996814951910412e-01,9.564846535032459629e-01,9.394849754874593506e-01
9.467630516817869823e-01,9.607999295337398271e-01,9.455304796982016979e-01
9.540795900719366562e-01,9.651536286514249552e-01,9.516442678726325655e-01
9.613464731286410769e-01,9.695478086505259219e-01,9.578227810347458293e-01
9.685600119563236854e-01,9.739849666417407237e-01,9.640615776410902393e-01
9.757151165738336962e-01,9.784683033532354246e-01,9.703548622074887886e-01
9.828042138895224378e-01,9.830022536787713650e-01,9.766945572741355663e-01
9.898146668063850795e-01,9.875937440172429804e-01,9.830681481496889029e-01
9.967205061712606229e-01,9.922561922871783180e-01,9.894519748281297433e-01
1.003410877078282581e+00,9.970437826621093569e-01,9.957555575207212017e-01
