1.987250802391268381e-05,1.958680178891895828e-05,1.952928953696901807e-05
3.052884131189484689e-04,3.585556532655552963e-04,3.110094268604104658e-04
8.336287665095792193e-04,1.045730173923334425e-03,8.664055095284727958e-04
1.552750384513139088e-03,2.051536236299646154e-03,1.645230613969553713e-03
2.430670549508764239e-03,3.363446705253786331e-03,2.627205219705932345e-03
3.443163515385751824e-03,4.974955434764034325e-03,3.800113470157809748e-03
4.570111549864586120e-03,6.882630087377977074e-03,5.156237422203858826e-03
5.793914579393427168e-03,9.084883328579436423e-03,6.690793425521099694e-03
7.098657157085199419e-03,1.158134662077422647e-02,8.401106004863281851e-03
8.469621186153132933e-03,1.437250934327123815e-02,1.028611962157606127e-02
9.892979130274901639e-03,1.745949229177036488e-02,1.234608763156643321e-02
1.135559063058728078e-02,2.084389614173567593e-02,1.458236330091076949e-02
1.284486261196335875e-02,2.452769481706758292e-02,1.699725382552386838e-02
1.434865052920628742e-02,2.851315727246972465e-02,1.959391539018002365e-02
1.585518745718351996e-02,3.280278805168987399e-02,2.237627612928681439e-02
1.735303272048670242e-02,3.739928069622296125e-02,2.534897873205776975e-02
1.883103466434840612e-02,4.225046227159456186e-02,2.851733728481022079e-02
2.027830393830376207e-02,4.708019649886859698e-02,3.188730468443776167e-02
2.168419478326082117e-02,5.187493666999889314e-02,3.546544806203372896e-02
2.303829254347163069e-02,5.663814581182650271e-02,3.925893037963895660e-02
2.433040611553584018e-02,6.137283724637291465e-02,4.317342405730780625e-02
2.555056438392061188e-02,6.608164514926795352e-02,4.707940276926830120e-02
2.668901592936209419e-02,7.076688092505353800e-02,5.099090035382556479e-02
2.773623146591614602e-02,7.543057875463055062e-02,5.491186438724075108e-02
2.868290858551014733e-02,8.007453276712034329e-02,5.884595044877297815e-02
2.951997847958024931e-02,8.470032765564045052e-02,6.279655662981645237e-02
3.023861437501051269e-02,8.930936410560852412e-02,6.676685216000949330e-02
3.083024147258230444e-02,9.390288007797140124e-02,7.075980130942377544e-02
3.128654821487693999e-02,9.848196875044643028e-02,7.477818346263068183e-02
3.159949874018447985e-02,1.030475937420541055e-01,7.882461006412364024e-02
3.176134640175415358e-02,1.076006021125479051e-01,8.290153898651483888e-02
3.176464824921133856e-02,1.121417355267753935e-01,8.701128676004840634e-02
3.160228038247739346e-02,1.166716398960257750e-01,9.115603901507021711e-02
3.126745409883123494e-02,1.211908737480214548e-01,9.533785942157232962e-02
3.075373276162383235e-02,1.256999155299940440e-01,9.955869735702854717e-02
3.005504932502005636e-02,1.301991700121017947e-01,1.038203944919520727e-01
2.916572445345161704e-02,1.346889739289138521e-01,1.081246904493722016e-01
2.808048517746944417e-02,1.391696009730884476e-01,1.124732276678137854e-01
2.679448402967837817e-02,1.436412662363688031e-01,1.168675555759119411e-01
2.530331860554357881e-02,1.481041301776365171e-01,1.213091341694125247e-01
2.360305149428725685e-02,1.525583021852214283e-01,1.257993370671506295e-01
2.169023052492919865e-02,1.570038437903954476e-01,1.303394541110035887e-01
1.956190927187666587e-02,1.614407715805089016e-01,1.349306935652825890e-01
1.721566776342689162e-02,1.658690598532231164e-01,1.395741839631592096e-01
1.464963333518767494e-02,1.702886430474514767e-01,1.442709756412068334e-01
1.186250156875475088e-02,1.746994179817467074e-01,1.490220419977152100e-01
8.853557254146634040e-03,1.791012459267706525e-01,1.538282805059305869e-01
5.622695312490759434e-03,1.834939545350182943e-01,1.586905135096013109e-01
2.170441613280261594e-03,1.878773396480359903e-01,1.636094888250562707e-01
-1.502026381707780023e-03,1.922511669988736793e-01,1.685858801714082977e-01
-5.392859217977535174e-03,1.966151738253634207e-01,1.736202874482522529e-01
-9.499515363872019363e-03,2.009690704079868939e-01,1.787132368783762582e-01
-1.381874151683576760e-02,2.053125415444947421e-01,1.838651810314464452e-01
-1.834655337734010863e-02,2.096452479720630202e-01,1.890764987433130873e-01
-2.307821696956555493e-02,2.139668277465678337e-01,1.943474949444952971e-01
-2.800823058992490955e-02,2.182768975874940232e-01,1.996784004104842358e-01
-3.313030746636134311e-02,2.225750541960656026e-01,2.050693714457347272e-01
-3.843735921305706238e-02,2.268608755533476629e-01,2.105204895125774023e-01
-4.392148016662257570e-02,2.311339222043311548e-01,2.160317608157516500e-01
-4.957393269103363420e-02,2.353937385333361165e-01,2.216031158528096734e-01
-5.538513353960291402e-02,2.396398540354677253e-01,2.272344089402777989e-01
-6.134464136272323176e-02,2.438717845882933388e-01,2.329254177251482982e-01
-6.744114545065733879e-02,2.480890337274108681e-01,2.386758426910203790e-01
-7.366245580030447715e-02,2.522910939290852195e-01,2.444853066679887887e-01
-7.999549459463566048e-02,2.564774479027038256e-01,2.503533543551926810e-01
-8.642628918242424574e-02,2.606475698953661935e-01,2.562794518647814046e-01
-9.293996664466194768e-02,2.648009270105373680e-01,2.622629862959012792e-01
-9.952075003218406601e-02,2.689369805423043602e-01,2.683032653471849049e-01
-1.061519563567549229e-01,2.730551873264202567e-01,2.743995169760910513e-01
-1.128159964150462630e-01,2.771550011089582988e-01,2.805508891133212113e-01
-1.194943765215541048e-01,2.812358739330590440e-01,2.867564494404100661e-01
-1.261677022227361833e-01,2.852972575439234881e-01,2.930151852384502709e-01
-1.328156840600475397e-01,2.893386048118702369e-01,2.993260033157628675e-01
-1.394171454447563074e-01,2.933593711729648446e-01,3.056877300221670368e-01
-1.459500327016829413e-01,2.973590160864034715e-01,3.120991113573123310e-01
-1.523914273331243852e-01,3.013370045075406956e-01,3.185588131803537837e-01
-1.587175605473286621e-01,3.052928083751310084e-01,3.250654215280018300e-01
-1.649038300889199837e-01,3.092259081110712016e-01,3.316174430477534241e-01
-1.709248194008225752e-01,3.131357941306312509e-01,3.382133055528184218e-01
-1.767543191391007518e-01,3.170219683608835326e-01,3.448513587049593654e-01
-1.823653510534002098e-01,3.208839457647571503e-01,3.515298748311176946e-01
-1.877301942366231824e-01,3.247212558678838623e-01,3.582470498793446367e-01
-1.928204137378952687e-01,3.285334442851369774e-01,3.650010045191423580e-01
-1.976068915230222156e-01,3.323200742435195587e-01,3.717897853909020167e-01
-2.020598597565061438e-01,3.360807280978246325e-01,3.786113665086496272e-01
-2.061489363686280774e-01,3.398150088352606679e-01,3.854636508198203693e-01
-2.098431628606663712e-01,3.435225415650397518e-01,3.923444719252482393e-01
-2.131110442902774682e-01,3.472029749887171612e-01,3.992515959620003274e-01
-2.159205913685908751e-01,3.508559828469197117e-01,4.061827236510862638e-01
-2.182393645893814238e-01,3.544812653379261769e-01,4.131354925114602561e-01
-2.200345203001635719e-01,3.580785505034435046e-01,4.201074792410822156e-01
-2.212728586144839527e-01,3.616475955768131412e-01,4.270962022651261791e-01
-2.219208730541303576e-01,3.651881882887857977e-01,4.340991244507368951e-01
-2.219448018001483891e-01,3.687001481259612468e-01,4.411136559870142415e-01
-2.213106804218460122e-01,3.721833275369431648e-01,4.481371574281693415e-01
-2.199843959437403074e-01,3.756376130812645875e-01,4.551669428970586684e-01
-2.179317421019259515e-01,3.790629265161706285e-01,4.622002834455399278e-01
-2.151184756332235049e-01,3.824592258163901914e-01,4.692344105673274535e-01
-2.115103734333315944e-01,3.858265061221384795e-01,4.762665198582736736e-01
-2.070732904135756114e-01,3.891648006106958047e-01,4.832937748182293825e-01
-2.017732178803954002e-01,3.924741812870842228e-01,4.903133107878831498e-01
-1.955763422566466903e-01,3.957547596895348296e-01,4.973222390132467363e-01
-1.884491039603829743e-01,3.990066875056819118e-01,5.043176508297125826e-01
-1.803582562536286682e-01,4.022301570956556827e-01,5.112966219569206050e-01
-1.712709238721031035e-01,4.054254019185563607e-01,5.182562168949743642e-01
-1.611546612460671157e-01,4.085926968590954389e-01,5.251934934119185661e-01
-1.499775101229274821e-01,4.117323584515548140e-01,5.321055071117662960e-01
-1.377080564036279597e-01,4.148447449985886437e-01,5.389893160717895704e-01
-1.243154860074439788e-01,4.179302565827995863e-01,5.458419855372750318e-01
-1.097696395836035010e-01,4.209893349694650011e-01,5.526605926614569508e-01
-9.404106589275536277e-02,4.240224633992323300e-01,5.594422312779187001e-01
-7.710107368706707598e-02,4.270301662700878298e-01,5.661840166923917117e-01
-5.892178192476386217e-02,4.300130087083985364e-01,5.728830904805723989e-01
-3.947616816231738074e-02,4.329715960293243904e-01,5.795366252783292760e-01
-1.873811497640464480e-02,4.359065730874306932e-01,5.861418295505078646e-01
3.317545722820700732e-03,4.388186235188512030e-01,5.926959523244200723e-01
2.671499061557575452e-02,4.417084688768719292e-01,5.991962878740783038e-01
5.053581661190564150e-02,4.445768676633515826e-01,6.056401803412533313e-01
7.023656764620836435e-02,4.474246142589022868e-01,6.120250282795581809e-01
8.713650573290121493e-02,4.502525377552783481e-01,6.183482891079157273e-01
1.023071809964850865e-01,4.530615006939107681e-01,6.246074834600295889e-01
1.162931145733179517e-01,4.558523977150262252e-01,6.308001994167969917e-01
1.294127875272361172e-01,4.586261541222262372e-01,6.369240966089724232e-01
1.418699149899551315e-01,4.613837243678604039e-01,6.429769101778706197e-01
1.538031722390758582e-01,4.641260904649223140e-01,6.489564545823877095e-01
1.653113860822748304e-01,4.668542603315705697e-01,6.548606272412167417e-01
1.764675000840953412e-01,4.695692660747151082e-01,6.606874119997689920e-01
1.873268629432290333e-01,4.722721622194108737e-01,6.664348824119864512e-01
1.979324185641093137e-01,4.749640238910465828e-01,6.721012048279880746e-01
2.083180999107432929e-01,4.776459449575313765e-01,6.776846412792641994e-01
2.185111291526637411e-01,4.803190361388461338e-01,6.831835521539552092e-01
2.285336241783217925e-01,4.829844230914354664e-01,6.885963986556130623e-01
2.384037498176702075e-01,4.856432444749929078e-01,6.939217450397153764e-01
2.481365612904538054e-01,4.882966500091879269e-01,6.991582606231189212e-01
2.577446342260469869e-01,4.909457985278760650e-01,7.043047215625531932e-01
2.672385433388728693e-01,4.935918560382179243e-01,7.093600123991865569e-01
2.766272316474187032e-01,4.962359937920318154e-01,7.143231273672411286e-01
2.859182991308113486e-01,4.988793863764969250e-01,7.191931714655537267e-01
2.951182311503061650e-01,5.015232098311174225e-01,7.239693612919243515e-01
3.042325811916093414e-01,5.041686397975789768e-01,7.286510256409874930e-01
3.132661185187266550e-01,5.068168497088254565e-01,7.332376058672596120e-01
3.222229485575555663e-01,5.094690090233332525e-01,7.377286560158694551e-01
3.311066118572700834e-01,5.121262815101829124e-01,7.421238427243257441e-01
3.399201660572224171e-01,5.147898235901147146e-01,7.464229448995011174e-01
3.486662542490989170e-01,5.174607827373277624e-01,7.506258531747596052e-01
3.573471623562614607e-01,5.201402959463033993e-01,7.547325691529095382e-01
3.659648675775578619e-01,5.228294882674866528e-01,7.587432044413288112e-01
3.745210795085469058e-01,5.255294714151463875e-01,7.626579794862768935e-01
3.830172752212123721e-01,5.282413424502507837e-01,7.664772222139614177e-01
3.914547293276885997e-01,5.309661825406910562e-01,7.702013664864979514e-01
3.998345398547528684e-01,5.337050558006856127e-01,7.738309503813590728e-01
4.081576506002485005e-01,5.364590082107026925e-01,7.773666143033516329e-01
4.164248705197255984e-01,5.392290666187501413e-01,7.808090989385193526e-01
4.246368905939576499e-01,5.420162378234117950e-01,7.841592430597035257e-01
4.327942985498353656e-01,5.448215077385408778e-01,7.874179811937190854e-01
4.408975917442390924e-01,5.476458406391082612e-01,7.905863411603477608e-01
4.489471884695649950e-01,5.504901784872503478e-01,7.936654414934612989e-01
4.569434378980166689e-01,5.533554403372057395e-01,7.966564887547059604e-01
4.648866288477976894e-01,5.562425218174544828e-01,7.995607747502081475e-01
4.727769975264063951e-01,5.591522946880288503e-01,8.023796736607571312e-01
4.806147343829980101e-01,5.620856064706880595e-01,8.051146390958664467e-01
4.883999901826168721e-01,5.650432801493494583e-01,8.077672010820075021e-01
4.961328813989833164e-01,5.680261139379616520e-01,8.103389629951635031e-01
5.038134950090927822e-01,5.710348811127734514e-01,8.128315984476744971e-01
5.114418927615148602e-01,5.740703299057946518e-01,8.152468481390990895e-01
5.190181149806960548e-01,5.771331834561158614e-01,8.175865166805830198e-01
5.265421839614674582e-01,5.802241398156102736e-01,8.198524694019194703e-01
5.340141070009725155e-01,5.833438720055172944e-01,8.220466291501642431e-01
5.414338791093618042e-01,5.864930281203054596e-01,8.241709730883310936e-01
5.488014854354696936e-01,5.896722314752450567e-01,8.262275295023272514e-01
5.561169034393671495e-01,5.928820807940846649e-01,8.282183746238878097e-01
5.633801048398534572e-01,5.961231504332841213e-01,8.301456294768811972e-01
5.705910573617345438e-01,5.993959906393068193e-01,8.320114567539335093e-01
5.777497263048356757e-01,6.027011278355431934e-01,8.338180577298909268e-01
5.848560759542923426e-01,6.060390649355333892e-01,8.355676692182140153e-01
5.919100708494267060e-01,6.094102816792710264e-01,8.372625605759520528e-01
5.989116769267048834e-01,6.128152349894836481e-01,8.389050307625114389e-01
6.058608625505191858e-01,6.162543593449369972e-01,8.404974054569784858e-01
6.127575994442028273e-01,6.197280671679304964e-01,8.420420342383450052e-01
6.196018635322303458e-01,6.232367492233371609e-01,8.435412878325224684e-01
6.263936357036321567e-01,6.267807750266528588e-01,8.449975554296269564e-01
6.331329025054374116e-01,6.303604932587375531e-01,8.464132420745862362e-01
6.398196567742222562e-01,6.339762321850398452e-01,8.477907661337263923e-01
6.464538982129730549e-01,6.376283000773015353e-01,8.491325568395750034e-01
6.530356339198363225e-01,6.413169856358655885e-01,8.504410519157751258e-01
6.595648788746155677e-01,6.450425584109088506e-01,8.517186952835880120e-01
6.660416563884302699e-01,6.488052692210329875e-01,8.529679348511501891e-01
6.724659985213966573e-01,6.526053505678290900e-01,8.541912203862911390e-01
6.788379464727497536e-01,6.564430170451671653e-01,8.553910014733996370e-01
6.851575509474960857e-01,6.603184657420804182e-01,8.565697255545344779e-01
6.914248725032885456e-01,6.642318766382746542e-01,8.577298360546767864e-01
6.976399818809432274e-01,6.681834129913797327e-01,8.588737705907661946e-01
7.038029603217417218e-01,6.721732217151970001e-01,8.600039592639071584e-01
7.099138998744478624e-01,6.762014337482851190e-01,8.611228230339049716e-01
7.159729036947142244e-01,6.802681644123235172e-01,8.622327721750905338e-01
7.219800863394618684e-01,6.843735137597714013e-01,8.633362048121793197e-01
7.279355740585836676e-01,6.885175669104155460e-01,8.644355055347672234e-01
7.338395050862303037e-01,6.927003943764695748e-01,8.655330440888844290e-01
7.396920299338738403e-01,6.969220523759155350e-01,8.666311741439203242e-01
7.454933116871540477e-01,7.011825831338548420e-01,8.677322321330903643e-01
7.512435263085880388e-01,7.054820151716326704e-01,8.688385361655494021e-01
7.569428629480827730e-01,7.098203635835416137e-01,8.699523850081412046e-01
7.625915242631691182e-01,7.141976303009243132e-01,8.710760571347510028e-01
7.681897267509640859e-01,7.186138043434688871e-01,8.722118098411528742e-01
7.737377010937844801e-01,7.230688620575079772e-01,8.733618784232516363e-01
7.792356925204229068e-01,7.275627673410992591e-01,8.745284754165756347e-01
7.846839611851783580e-01,7.320954718556180740e-01,8.757137898949328703e-01
7.900827825667632309e-01,7.366669152235748586e-01,8.769199868261405850e-01
7.954324478893928241e-01,7.412770252122854453e-01,8.781492064828079203e-01
8.007332645684509531e-01,7.459257179029571416e-01,8.794035639062186549e-01
8.059855566833216134e-01,7.506128978446792166e-01,8.806851484214568426e-01
8.111896654802004392e-01,7.553384581926686492e-01,8.819960232020306323e-01
8.163459499079533943e-01,7.601022808300386124e-01,8.833382248824003247e-01
8.214547871903421505e-01,7.649042364721799769e-01,8.847137632169698174e-01
8.265165734384221086e-01,7.697441847526759195e-01,8.861246207843228584e-01
8.315317243071824738e-01,7.746219742895038562e-01,8.875727527357030189e-01
8.365006757011630434e-01,7.795374427299915920e-01,8.890600865870158520e-01
8.414238845342812967e-01,7.844904167727664301e-01,8.905885220539666580e-01
8.463018295498486721e-01,7.894807121645887049e-01,8.921599309303016589e-01
8.511350122076507541e-01,7.945081336695760665e-01,8.937761570095962282e-01
8.559239576459006793e-01,7.995724750078959664e-01,8.954390160515305341e-01
8.606692157271860211e-01,8.046735187604338035e-01,8.971502957942409928e-01
8.653713621788949872e-01,8.098110362353264646e-01,8.989117560150668984e-01
8.700309998404968104e-01,8.149847872914476321e-01,9.007251286429118764e-01
8.746487600320832501e-01,8.201945201130187435e-01,9.025921179265334882e-01
8.792253040612914017e-01,8.254399709283433140e-01,9.045144006643875967e-01
8.837613248888592787e-01,8.307208636642876565e-01,9.064936265032761398e-01
8.882575489771545874e-01,8.360369095263583405e-01,9.085314183150902112e-01
8.927147383508138301e-01,8.413878064921105349e-01,9.106293726634157037e-01
8.971336929048975284e-01,8.467732387028927832e-01,9.127890603749846399e-01
9.015152530037575662e-01,8.521928757355133888e-01,9.150120272349540063e-01
9.058603024236407952e-01,8.576463717310940371e-01,9.172997948302000770e-01
9.101697717048269354e-01,8.631333643527734356e-01,9.196538615715053044e-01
9.144446419955254424e-01,8.686534735366531201e-01,9.220757039343288053e-01
9.186859494912553714e-01,8.742062999909072651e-01,9.245667779694712873e-01
9.228947906019324687e-01,8.797914233853209032e-01,9.271285211505603252e-01
9.270723280170236613e-01,8.854084001565851736e-01,9.297623546464310884e-01
9.312197978908927087e-01,8.910567608316305455e-01,9.324696861356112088e-01
9.353385184417807308e-01,8.967360067393713718e-01,9.352519133207430890e-01
9.394299003577107898e-01,9.024456059365317806e-01,9.381104283584773551e-01
9.434954595448176162e-01,9.081849881092685095e-01,9.410466235037231453e-01
9.475368329605254880e-01,9.139535381190370122e-01,9.440618983900028738e-01
9.515557985813442032e-01,9.197505877221542336e-01,9.471576695528839407e-01
9.555543010238510826e-01,9.255754047798732120e-01,9.503353830898028098e-01
9.595344850728050323e-01,9.314271789412115199e-01,9.535965318051650152e-01
9.634987405626408430e-01,9.373050022365878586e-01,9.569426789386580312e-01
9.674497640674867283e-01,9.432078421006427904e-01,9.603754918544674668e-01
9.713906463950398029e-01,9.491345027167404913e-01,9.638967913562407341e-01
9.753250014648516819e-01,9.550835675418475335e-01,9.675086266069240493e-01
9.792571652329949972e-01,9.610533098246295536e-01,9.712133943243456136e-01
9.831925215441196242e-01,9.670415448458234975e-01,9.750140399399532809e-01
9.871380795211103232e-01,9.730453661048749092e-01,9.789144247081275063e-01
9.911036150758777419e-01,9.790606199475869742e-01,9.829200731425810078e-01
9.951043350247562591e-01,9.850806706349614084e-01,9.870399700479656202e-01
9.991692175041057000e-01,9.910925057616651879e-01,9.912923644337251483e-01
1.003410877078282581e+00,9.970437826621093569e-01,9.957555575207212017e-01
