1.987250802391268381e-05,1.958680178891895828e-05,1.952928953696901807e-05
4.033879469618330640e-04,3.169819376029576552e-04,3.392429399307087478e-04
1.212352720964477012e-03,8.852844464751616002e-04,9.750407123311610053e-04
2.427464158698782685e-03,1.681014423279750866e-03,1.895913776601429370e-03
4.043900954939230567e-03,2.680112331792375811e-03,3.089725832896861053e-03
6.061128106282692544e-03,3.865980091106366139e-03,4.551677736089734805e-03
8.480447209688768417e-03,5.226026834739368708e-03,6.281076273366357349e-03
1.130404453127133863e-02,6.750170000902885187e-03,8.279950270266777171e-03
1.453453469112853981e-02,8.430049575494142147e-03,1.055233218682091745e-02
1.817471171253696310e-02,1.025856611631347989e-02,1.310383959331595446e-02
2.222740019792467797e-02,1.222958710492222899e-02,1.594141176062505855e-02
2.669535986080714615e-02,1.433774941696528901e-02,1.907313448036034378e-02
3.158122063218871817e-02,1.657832062402187639e-02,2.250811868475855251e-02
3.688743629650081957e-02,1.894709829230062023e-02,2.625641364831247590e-02
4.254748831455026220e-02,2.144033489961609529e-02,3.032894334086387242e-02
4.818632781817405036e-02,2.405468064503795203e-02,3.473745877343870081e-02
5.377361657663214806e-02,2.678713913068460351e-02,3.949450165492920939e-02
5.931291514687337535e-02,2.963503254087444458e-02,4.442681629003730065e-02
6.480719458447878334e-02,3.259597398409606189e-02,4.935697504882011893e-02
7.025894249075317899e-02,3.566784534256558364e-02,5.429924177706772076e-02
7.567024522931792285e-02,3.884877943041797899e-02,5.925791003614003932e-02
8.104285256453622188e-02,4.208904051758793202e-02,6.423683703710203474e-02
8.637822911899262213e-02,4.527435543200624551e-02,6.923950325486422086e-02
9.167759580086398685e-02,4.841614920023385588e-02,7.426906053581569522e-02
9.694196349711681204e-02,5.151731554551392672e-02,7.932837127072847605e-02
1.021721607310640267e-01,5.458054046926246600e-02,8.442004054582821770e-02
1.073688565582956445e-01,5.760833082335879013e-02,8.954644271449885284e-02
1.125325796686447721e-01,6.060303832274386432e-02,9.470974349110419799e-02
1.176637344377021999e-01,6.356687986952216929e-02,9.991191841781063565e-02
1.227626145052503615e-01,6.650195486772225717e-02,1.051547683687737156e-01
1.278294143333968957e-01,6.941026006314102159e-02,1.104399326156176864e-01
1.328642391027372582e-01,7.229370233243326282e-02,1.157688998712562145e-01
1.378671132325338389e-01,7.515410976076314364e-02,1.211430176469508457e-01
1.428379877550027544e-01,7.799324128141355006e-02,1.265635001937945314e-01
1.477767467301997484e-01,8.081279509910346825e-02,1.320314352499630250e-01
1.526832128537319311e-01,8.361441607795250253e-02,1.375477897757896861e-01
1.575571523823959819e-01,8.639970224253298858e-02,1.431134148275113038e-01
1.623982794811924812e-01,8.917021051439397161e-02,1.487290496955925578e-01
1.672062600777979580e-01,9.192746178539082380e-02,1.543953254134577402e-01
1.719807152965353858e-01,9.467294541205242830e-02,1.601127677262173254e-01
1.767212245324822628e-01,9.740812320122999024e-02,1.658817995957585500e-01
1.814273282170477952e-01,1.001344329457670157e-01,1.717027433077533138e-01
1.860985303186822870e-01,1.028532915594322084e-01,1.775758222372512130e-01
1.907343006160944210e-01,1.055660978524471938e-01,1.835011623221895760e-01
1.953340767761085339e-01,1.082742349823691275e-01,1.894787932880619696e-01
1.998972662639447728e-01,1.109790726095606916e-01,1.955086496619263814e-01
2.044232481100752841e-01,1.136819687818600155e-01,2.015905716096937916e-01
2.089113745547525602e-01,1.163842715691646434e-01,2.077243056270781096e-01
2.133609725887549158e-01,1.190873204653523920e-01,2.139095051115963431e-01
2.177713454067081722e-01,1.217924475722122202e-01,2.201457308404599633e-01
2.221417737875335807e-01,1.245009785777159705e-01,2.264324513770415437e-01
2.264715174149908861e-01,1.272142335390217538e-01,2.327690434267507547e-01
2.307598161499784806e-01,1.299335274789717443e-01,2.391547921615583272e-01
2.350058912651089571e-01,1.326601708034995386e-01,2.455888915310325271e-01
2.392089466511039264e-01,1.353954695462789015e-01,2.520704445765392099e-01
2.433681700037266249e-01,1.381407254460634837e-01,2.585984637642017581e-01
2.474827339992471398e-01,1.408972358614905551e-01,2.651718713512590808e-01
2.515517974658040834e-01,1.436662935276295516e-01,2.717894997996090356e-01
2.555745065574976937e-01,1.464491861582061794e-01,2.784500922495443120e-01
2.595499959375675569e-01,1.492471958972406976e-01,2.851523030659554037e-01
2.634773899765885385e-01,1.520615986237784933e-01,2.918946984685975576e-01
2.673558039712610745e-01,1.548936631134402442e-01,2.986757572573613406e-01
2.711843453890337430e-01,1.577446500606857482e-01,3.054938716428581835e-01
2.749621151435057143e-01,1.606158109659499844e-01,3.123473481920043260e-01
2.786882089052848399e-01,1.635083868921547723e-01,3.192344088976760696e-01
2.823617184527308366e-01,1.664236070955308067e-01,3.261531923808799749e-01
2.859817330667848712e-01,1.693626875361746720e-01,3.331017552332576903e-01
2.895473409738616999e-01,1.723268292743193875e-01,3.400780735070982885e-01
2.930576308405828390e-01,1.753172167588919472e-01,3.470800443593741180e-01
2.965116933239167474e-01,1.783350160155610376e-01,3.541054878556341712e-01
2.999086226800994903e-01,1.813813727421353106e-01,3.611521489388866968e-01
3.032475184355109543e-01,1.844574103198359516e-01,3.682176995678831943e-01
3.065274871224785702e-01,1.875642277496386845e-01,3.752997410284556468e-01
3.097476440827928168e-01,1.907028975235273149e-01,3.823958064207978458e-01
3.129071153414902384e-01,1.938744634411476708e-01,3.895033633247674265e-01
3.160050395532794654e-01,1.970799383829334173e-01,3.966198166444768192e-01
3.190405700237365916e-01,2.003203020513406596e-01,4.037425116325867314e-01
3.220128768072015313e-01,2.035964986923163855e-01,4.108687370938558514e-01
3.249211488830471839e-01,2.069094348095653624e-01,4.179957287666130616e-01
3.277645964117796851e-01,2.102599768845228589e-01,4.251206728799316603e-01
3.305424530721470799e-01,2.136489491152290809e-01,4.322407098833587202e-01
3.332539784801950566e-01,2.170771311874704623e-01,4.393529383451539316e-01
3.358984606909379278e-01,2.205452560916404958e-01,4.464544190140647406e-01
3.384752187830167847e-01,2.240540079987601851e-01,4.535421790387438867e-01
3.409836055264404142e-01,2.276040202089809616e-01,4.606132163380071698e-01
3.434230101332041984e-01,2.311958731856539329e-01,4.676645041142301618e-01
3.457928610902618050e-01,2.348300926877349148e-01,4.746929955012927915e-01
3.480926290740155027e-01,2.385071480128427290e-01,4.816956283376250814e-01
3.503218299451443252e-01,2.422274503627629416e-01,4.886693300540633778e-01
3.524800278222666172e-01,2.459913513425368015e-01,4.956110226654442674e-01
3.545668382325574686e-01,2.497991416035643675e-01,5.025176278540791630e-01
3.565819313370915400e-01,2.536510496403219794e-01,5.093860721325562668e-01
3.585250352282904895e-01,2.575472407494076021e-01,5.162132920726392182e-01
3.603959392964715125e-01,2.614878161586706717e-01,5.229962395864312663e-01
3.621944976620694590e-01,2.654728123331551171e-01,5.297318872454174210e-01
3.639206326696926563e-01,2.695022004635199142e-01,5.364172336225184745e-01
3.655743384397087681e-01,2.735758861414994692e-01,5.430493086418880511e-01
3.671556844725951119e-01,2.776937092258217055e-01,5.496251789208266292e-01
3.686648193008018048e-01,2.818554439008544299e-01,5.561419530879482265e-01
3.701019741823108888e-01,2.860607989291077957e-01,5.625967870615489197e-01
3.714674668295659399e-01,2.903094180975491212e-01,5.689868892720256754e-01
3.727617051667954096e-01,2.946008808565753201e-01,5.753095258122066236e-01
3.739851911081438773e-01,2.989347031493632123e-01,5.815620254995005345e-01
3.751385243483126852e-01,3.033103384282562764e-01,5.877417848339767659e-01
3.762224061566483702e-01,3.077271788538190611e-01,5.938462728367062127e-01
3.772376431648340467e-01,3.121845566711986542e-01,5.998730357530582813e-01
3.781851511373964803e-01,3.166817457575442085e-01,6.058197016060611340e-01
3.790659587133335950e-01,3.212179633333414053e-01,6.116839845854417090e-01
3.798812111060543284e-01,3.257923718297734972e-01,6.174636892585593229e-01
3.806321737477109113e-01,3.304040809034809456e-01,6.231567145901001359e-01
3.813202358627388877e-01,3.350521495894708823e-01,6.287610577581385085e-01
3.819469139540513924e-01,3.397355885823651889e-01,6.342748177549880628e-01
3.825138551838663248e-01,3.444533626357069722e-01,6.396961987621173629e-01
3.830228406295406174e-01,3.492043930686405950e-01,6.450235132893354928e-01
3.834757883930834943e-01,3.539875603689707773e-01,6.502551850694273661e-01
3.838747565411544382e-01,3.588017068813688648e-01,6.553897517004400042e-01
3.842219458503981500e-01,3.636456395693439814e-01,6.604258670288685185e-01
3.845197023309039897e-01,3.685181328394938616e-01,6.653623032680728855e-01
3.847705194983678800e-01,3.734179314165669838e-01,6.701979528473803738e-01
3.849770403632672422e-01,3.783437532579096985e-01,6.749318299884285999e-01
3.851420591030375040e-01,3.832942924959946707e-01,6.795630720064413932e-01
3.852685223808177684e-01,3.882682223979391778e-01,6.840909403352637419e-01
3.853595302719537985e-01,3.932641983311331857e-01,6.885148212760885400e-01
3.854183367571111241e-01,3.982808607244237575e-01,6.928342264709296261e-01
3.854483497385481905e-01,4.033168380146349707e-01,6.970487931029600848e-01
3.854531305340081482e-01,4.083707495686016431e-01,7.011582838269025952e-01
3.854363928008160967e-01,4.134412085713203844e-01,7.051625864336833471e-01
3.854020008411586096e-01,4.185268248712873951e-01,7.090617132545108392e-01
3.853539672383863857e-01,4.236262077745977517e-01,7.128558003105164298e-01
3.852964497735095750e-01,4.287379687798841266e-01,7.165451062149332806e-01
3.852337475710194137e-01,4.338607242467300562e-01,7.201300108356388785e-01
3.851702964239106519e-01,4.389930979907386566e-01,7.236110137266511533e-01
3.851106632493405679e-01,4.441337237990135578e-01,7.269887323378574351e-01
3.850595396289799854e-01,4.492812478603822046e-01,7.302639000129033109e-01
3.850217343918539425e-01,4.544343311052670420e-01,7.334373637857366512e-01
3.850021652024113172e-01,4.595916514507075168e-01,7.365100819867949067e-01
3.850058491229980673e-01,4.647519059465822777e-01,7.394831216702593135e-01
3.850378921276315647e-01,4.699138128196877484e-01,7.423576558741569187e-01
3.851034775533943577e-01,4.750761134128493324e-01,7.451349607253725527e-01
3.852078534866086867e-01,4.802375740168251528e-01,7.478164124018632508e-01
3.853563190933991245e-01,4.853969875932700462e-01,7.504034839645045141e-01
3.855542099182540650e-01,4.905531753875433387e-01,7.528977420710880608e-01
3.858068821894110600e-01,4.957049884306517495e-01,7.553008435850034896e-01
3.861196961865027699e-01,5.008513089300820065e-01,7.576145320910930847e-01
3.864979987433488917e-01,5.059910515497219041e-01,7.598406343310665223e-01
3.869471049769302451e-01,5.111231645795127898e-01,7.619810565706923722e-01
3.874722793520154474e-01,5.162466309958571031e-01,7.640377809107824492e-01
3.880787162092156906e-01,5.213604694141872331e-01,7.660128615537119545e-01
3.887715199018273449e-01,5.264637349354580609e-01,7.679084210369050423e-01
3.895556847033560532e-01,5.315555198886321442e-01,7.697266464443811573e-01
3.904360746623275480e-01,5.366349544715220965e-01,7.714697856070558135e-01
3.914174035934601670e-01,5.417012072926314925e-01,7.731401433020641534e-01
3.925042154039403708e-01,5.467534858168627832e-01,7.747400774609445318e-01
3.937008649598233156e-01,5.517910367181811937e-01,7.762719953960220964e-01
3.950114997002396877e-01,5.568131461424935535e-01,7.777383500538446182e-01
3.964400422054880080e-01,5.618191398841928530e-01,7.791416363040146731e-01
3.979901739194259824e-01,5.668083834799113596e-01,7.804843872712231567e-01
3.996653202162966378e-01,5.717802822231784488e-01,7.817691707177597538e-01
4.014686369877202288e-01,5.767342811037365902e-01,7.829985854832358649e-01
4.034029989069929933e-01,5.816698646753515334e-01,7.841752579877023788e-01
4.054709895055557123e-01,5.865865568559897048e-01,7.853018388038142117e-01
4.076748931709762158e-01,5.914839206642669156e-01,7.863809993031384282e-01
4.100166891477747821e-01,5.963615578960770325e-01,7.874154283811867217e-01
4.124980475924732159e-01,6.012191087452878335e-01,7.884078292652123565e-01
4.151203277033662653e-01,6.060562513723903866e-01,7.893609164083176255e-01
4.178845779143697814e-01,6.108727014249158982e-01,7.902774124729080585e-01
4.207915381118925713e-01,6.156682115133981226e-01,7.911600454060544463e-01
4.238416438046294088e-01,6.204425706465881429e-01,7.920115456088553385e-01
4.270350321494063572e-01,6.251956036295447383e-01,7.928346432014523604e-01
4.303715497122649891e-01,6.299271704281370621e-01,7.936320653849275875e-01
4.338507618232779750e-01,6.346371655034040993e-01,7.944065339009014348e-01
4.374719633667932261e-01,6.393255171190966868e-01,7.951607625892750386e-01
4.412341908357922393e-01,6.439921866256388405e-01,7.958974550442080576e-01
4.451362354702886326e-01,6.486371677235912570e-01,7.966193023680728791e-01
4.491766572946939706e-01,6.532604857096376838e-01,7.973289810228315622e-01
4.533537998682943271e-01,6.578621967079100186e-01,7.980291507779886384e-01
4.576658055653428092e-01,6.624423868894196987e-01,7.987224527540067731e-01
4.621106312071756039e-01,6.670011716821849790e-01,7.994115075598269282e-01
4.666860638773291936e-01,6.715386949745255629e-01,8.000989135229451543e-01
4.713897367614999223e-01,6.760551283138650502e-01,8.007872450102617723e-01
4.762191448668315341e-01,6.805506701032755235e-01,8.014790508377783729e-01
4.811716604892631310e-01,6.850255447978185197e-01,8.021768527670599669e-01
4.862445483123927770e-01,6.894800021026692427e-01,8.028831440862399527e-01
4.914349800368812970e-01,6.939143161748396738e-01,8.036003882732425385e-01
4.967400484546894979e-01,6.983287848302330847e-01,8.043310177388086624e-01
5.021567808977733804e-01,7.027237287576035829e-01,8.050774326468286279e-01
5.076821520052154924e-01,7.070994907409234864e-01,8.058419998094298320e-01
5.133130957667443317e-01,7.114564348915125569e-01,8.066270516542405344e-01
5.190465168131287443e-01,7.157949458912121754e-01,8.074348852611931138e-01
5.248793009358477812e-01,7.201154282477452151e-01,8.082677614662555632e-01
5.308083248286330491e-01,7.244183055633584001e-01,8.091279040294464542e-01
5.368304650529353017e-01,7.287040198176943928e-01,8.100174988645162388e-01
5.429426062372351147e-01,7.329730306658036598e-01,8.109386933276929721e-01
5.491416485269381420e-01,7.372258147521029148e-01,8.118935955629230650e-01
5.554245143072985558e-01,7.414628650410087785e-01,8.128842739010626595e-01
5.617881542263163386e-01,7.456846901649168968e-01,8.139127563105446050e-01
5.682295525481161347e-01,7.498918137901393610e-01,8.149810298970550093e-01
5.747457318700297524e-01,7.540847740013332245e-01,8.160910404498467052e-01
5.813337572383761032e-01,7.582641227049292665e-01,8.172446920323473973e-01
5.879907396990635693e-01,7.624304250520117510e-01,8.184438466147864188e-01
5.947138393196420569e-01,7.665842588810700686e-01,8.196903237466200975e-01
6.015002677193682645e-01,7.707262141810090617e-01,8.209859002666037853e-01
6.083472901433552016e-01,7.748568925747846281e-01,8.223323100484006831e-01
6.152522271159334144e-01,7.789769068240265382e-01,8.237312437796880937e-01
6.222124557072630235e-01,7.830868803549908552e-01,8.251843487727699156e-01
6.292254104456939112e-01,7.871874468061974550e-01,8.266932288047461608e-01
6.362885839068102012e-01,7.912792495981195717e-01,8.282594439853406820e-01
6.433995270083167073e-01,7.953629415253193891e-01,8.298845106505315927e-01
6.505558490380281000e-01,7.994391843714576673e-01,8.315699012801420764e-01
6.577552174403292762e-01,8.035086485476473639e-01,8.333170444375914698e-01
6.649953573844655796e-01,8.075720127547031391e-01,8.351273247300056157e-01
6.722740511360383309e-01,8.116299636698980358e-01,8.370020827868994706e-01
6.795891372510725059e-01,8.156831956589543076e-01,8.389426152556246352e-01
6.869385096100540933e-01,8.197324105141026163e-01,8.409501748117714781e-01
6.943201163073059456e-01,8.237783172191942560e-01,8.430259701826567920e-01
7.017319584090745410e-01,8.278216317430473481e-01,8.451711661820047183e-01
7.091720885918534334e-01,8.318630768623597183e-01,8.473868837538269805e-01
7.166386096702626052e-01,8.359033820158525696e-01,8.496742000234529524e-01
7.241296730220044831e-01,8.399432831915292219e-01,8.520341483535126548e-01
7.316434769151966000e-01,8.439835228493579589e-01,8.544677184025634142e-01
7.391782647413313034e-01,8.480248498820689429e-01,8.569758561838672906e-01
7.467323231548007589e-01,8.520680196173116006e-01,8.595594641216095511e-01
7.543039801175221992e-01,8.561137938650080770e-01,8.622194011016238724e-01
7.618916028445047450e-01,8.601629410145398280e-01,8.649564825133633228e-01
7.694935956432669144e-01,8.642162361872836041e-01,8.677714802795190030e-01
7.771083976365660284e-01,8.682744614511797021e-01,8.706651228692392497e-01
7.847344803540240443e-01,8.723384061053830463e-01,8.736380952903957109e-01
7.923703451734934733e-01,8.764088670447877094e-01,8.766910390557185462e-01
8.000145205874678034e-01,8.804866492163606617e-01,8.798245521168496230e-01
8.076655592629200520e-01,8.845725661819178187e-01,8.830391887594761791e-01
8.153220348544495399e-01,8.886674408053995000e-01,8.863354594515492346e-01
8.229825385198568100e-01,8.927721060870654757e-01,8.897138306352245785e-01
8.306456750736590511e-01,8.968874061726382907e-01,8.931747244514629536e-01
8.383100586962588530e-01,9.010141975727380403e-01,8.967185183840564733e-01
8.459743080934017945e-01,9.051533506375516458e-01,9.003455448071855383e-01
8.536370409698766926e-01,9.093057513444040563e-01,9.040560904171668355e-01
8.612968676400393209e-01,9.134723034730893865e-01,9.078503955246566282e-01
8.689523835415643438e-01,9.176539312671702087e-01,9.117286531778782122e-01
8.766021603407980756e-01,9.218515827118225481e-01,9.156910080799220975e-01
8.842447352082996037e-01,9.260662336043021803e-01,9.197375552531855680e-01
8.918785976857385167e-01,9.302988926582234086e-01,9.238683383905159641e-01
8.995021733348687043e-01,9.345506079779895003e-01,9.280833478140662063e-01
9.071138030144264564e-01,9.388224753817552282e-01,9.323825179369310545e-01
9.147117161014063358e-01,9.431156492689474202e-01,9.367657240855968848e-01
9.222939951366774247e-01,9.474313570713764898e-01,9.412327784871228342e-01
9.298585280089548544e-01,9.517709188858588520e-01,9.457834251438198558e-01
9.374029414733575649e-01,9.561357748323403571e-01,9.504173331927118218e-01
9.449245056860121617e-01,9.605275243570207122e-01,9.551340881460687049e-01
9.524199917266545912e-01,9.649479848317149555e-01,9.599331800735882991e-01
9.598854486519318163e-01,9.693992830529029048e-01,9.648139871971638248e-01
9.673158330889736201e-01,9.738840067985049531e-01,9.697757522678397413e-01
9.747043432785550410e-01,9.784054762995458843e-01,9.748175468725904791e-01
9.820410826261102288e-01,9.829682867118115785e-01,9.799382138666653530e-01
9.893098919203170416e-01,9.875795878653611526e-01,9.851362655361733944e-01
9.964782664412213942e-01,9.922531362355669904e-01,9.904096772355318601e-01
1.003410877078282581e+00,9.970437826621093569e-01,9.957555575207212017e-01
