1.987250802391268381e-05,1.958680178891895828e-05,1.952928953696901807e-05
2.973299842149196184e-04,3.586750496141670268e-04,3.400789573128546448e-04
8.033503700550962507e-04,1.046114606227582355e-03,9.777043882540738858e-04
1.484268541125798643e-03,2.052017708855990129e-03,1.900790941374816715e-03
2.307427488228010453e-03,3.363370251590104727e-03,3.096414661391510594e-03
3.248510513563530270e-03,4.973041555268726058e-03,4.558855182521436011e-03
4.287751738005485952e-03,6.876854955166050373e-03,6.286390939245931238e-03
5.408267221092560514e-03,9.072369576086687301e-03,8.279930712880462576e-03
6.595173226118349920e-03,1.155826102232094914e-02,1.054230516263152811e-02
7.835066574798720679e-03,1.433396523370003214e-02,1.307785514373114265e-02
9.115695305552916350e-03,1.739945534544655448e-02,1.589217326684117665e-02
1.042573904994349536e-02,2.075509258632520643e-02,1.899193249822871132e-02
1.175465716653629512e-02,2.440152143632462467e-02,2.238476778690710184e-02
1.309258101424744768e-02,2.833959273732478135e-02,2.607919177109875933e-02
1.443023624061297652e-02,3.257030524768457502e-02,3.008453331925052543e-02
1.575888621591770705e-02,3.709475980889848784e-02,3.441089188049183817e-02
1.707029081587056046e-02,4.187459565328249117e-02,3.906910306312755266e-02
1.835667663308691855e-02,4.663604488417493615e-02,4.392110102950757405e-02
1.961071588920747233e-02,5.135569560000886186e-02,4.876439199642387118e-02
2.082551210023694116e-02,5.603679862009038753e-02,5.361320891192693922e-02
2.199459107347593104e-02,6.068215946003373967e-02,5.847189810015606531e-02
2.311189617703420657e-02,6.529420850353678807e-02,6.334438188285912430e-02
2.417178707821209319e-02,6.987505707311009173e-02,6.823421765101139735e-02
2.516904133005317887e-02,7.442654274264806635e-02,7.314464551141383608e-02
2.609885831864263567e-02,7.895026633449128695e-02,7.807862706675824938e-02
2.695686518213076532e-02,8.344762241292524863e-02,8.303887723136219035e-02
2.773912438595147259e-02,8.791982463674410941e-02,8.802789051630283135e-02
2.844214269416720994e-02,9.236792700849755233e-02,9.304796287816810563e-02
2.906288131906304209e-02,9.679284181966438250e-02,9.810120997617680083e-02
2.959876706341807440e-02,1.011953549139164021e-01,1.031895824967742903e-01
3.004770429475041998e-02,1.055761387575420984e-01,1.083148790650464433e-01
3.040808761002145033e-02,1.099357637049751535e-01,1.134787571559525698e-01
3.067881506411788972e-02,1.142747077697617575e-01,1.186827423366420553e-01
3.085930184688479364e-02,1.185933651511784093e-01,1.239282361077432837e-01
3.094949430228121148e-02,1.228920537197306095e-01,1.292165225619335833e-01
3.094988418999614771e-02,1.271710216277452676e-01,1.345487740390308440e-01
3.086152309493928741e-02,1.314304531818827337e-01,1.399260559258085068e-01
3.068603689385919833e-02,1.356704740908972751e-01,1.453493307239444865e-01
3.042564019114162716e-02,1.398911561830462058e-01,1.508194614895508878e-01
3.008315063784246582e-02,1.440925216722177271e-01,1.563372147315979510e-01
2.966200304938480803e-02,1.482745470393425358e-01,1.619032628434057264e-01
2.916626323829134629e-02,1.524371665853892777e-01,1.675181861306484776e-01
2.860064147883839558e-02,1.565802757037842163e-01,1.731824744904948699e-01
2.797050552087417333e-02,1.607037339130674425e-01,1.788965287892349820e-01
2.728189307017160267e-02,1.648073676847359725e-01,1.846606619797270255e-01
2.654152365274212166e-02,1.688909730963079892e-01,1.904750999949810786e-01
2.575680978062629828e-02,1.729543183354918245e-01,1.963399824500339230e-01
2.493586733673415143e-02,1.769971460778262118e-01,2.022553631807620378e-01
2.408752509652899165e-02,1.810191757571535665e-01,2.082212106453560918e-01
2.322133330467415768e-02,1.850201057457166454e-01,2.142374082117015632e-01
2.234757122531309467e-02,1.889996154584429600e-01,2.203037543518258645e-01
2.147725358539714913e-02,1.929573673940543355e-01,2.264199627627974665e-01
2.062213583153018823e-02,1.968930091239556868e-01,2.325856624319614374e-01
1.979471812212978826e-02,2.008061752383708543e-01,2.388003976630937442e-01
1.900824797839047869e-02,2.046964892578860828e-01,2.450636280789611487e-01
1.827672151957415725e-02,2.085635655173901926e-01,2.513747286148022564e-01
1.761488321054161324e-02,2.124070110283568513e-01,2.577329895164169882e-01
1.703822405237234369e-02,2.162264273244572932e-01,2.641376163558065149e-01
1.656297815009121280e-02,2.200214122946420048e-01,2.705877300766616478e-01
1.620611759528507723e-02,2.237915620070279332e-01,2.770823670813910011e-01
1.598534560557244438e-02,2.275364725262096766e-01,2.836204793708591021e-01
1.591908786750385191e-02,2.312557417259274994e-01,2.902009347474830969e-01
1.602648203458062470e-02,2.349489710984030144e-01,2.968225170918825651e-01
1.632736533768503265e-02,2.386157675610538487e-01,3.034839267228042203e-01
1.684226027122088035e-02,2.422557452607452810e-01,3.101837808496124005e-01
1.759235832473981381e-02,2.458685273752110323e-01,3.169206141261879384e-01
1.859950173687716438e-02,2.494537479107644118e-01,3.236928793146389705e-01
1.988616325560090339e-02,2.530110534949622791e-01,3.304989480667740454e-01
2.147542389669918755e-02,2.565401051624147666e-01,3.373371118308300387e-01
2.339094870047510669e-02,2.600405801315124332e-01,3.442055828904653225e-01
2.565696049505845205e-02,2.635121735694339606e-01,3.511024955425295913e-01
2.829821168357297967e-02,2.669546003424007607e-01,3.580259074196143754e-01
3.133995408135939464e-02,2.703675967477883746e-01,3.649738009628289426e-01
3.480790683866129276e-02,2.737509222243502127e-01,3.719440850496915085e-01
3.872822249355278162e-02,2.771043610364937182e-01,3.789345967814269356e-01
4.303334598298053787e-02,2.804277239282427781e-01,3.859431034333417054e-01
4.753357207995754369e-02,2.837208497422559761e-01,3.929673045712919199e-01
5.221965023307435089e-02,2.869836069990094329e-01,4.000048343366024994e-01
5.707662283769843886e-02,2.902158954310470884e-01,4.070532639010721043e-01
6.209111212648158601e-02,2.934176474670024404e-01,4.141101040929940913e-01
6.725119030561846345e-02,2.965888296599364926e-01,4.211728081943593716e-01
7.254623288534722825e-02,2.997294440544209237e-01,4.282387749086520867e-01
7.796676963495091650e-02,3.028395294866926823e-01,4.353053514978504901e-01
8.350434184916832869e-02,3.059191628121640805e-01,4.423698370864505014e-01
8.915137065253786464e-02,3.089684600545472004e-01,4.494294861295136667e-01
9.490103846578143432e-02,3.119875774708900651e-01,4.564815120409186355e-01
1.007471841313708760e-01,3.149767125268744805e-01,4.635230909771683172e-01
1.066842112379121632e-01,3.179361047768473059e-01,4.705513657712802611e-01
1.127070086679396732e-01,3.208660366432060096e-01,4.775634500104629088e-01
1.188108821603175991e-01,3.237668340899578223e-01,4.845564322504713473e-01
1.249914956168001190e-01,3.266388671855199877e-01,4.915273803587347223e-01
1.312448209201775295e-01,3.294825505501168261e-01,4.984733459775671505e-01
1.375670951220392402e-01,3.322983436834642812e-01,5.053913690980241791e-01
1.439547839724570344e-01,3.350867511688169209e-01,5.122784827342334868e-01
1.504045508845198165e-01,3.378483227498746411e-01,5.191317176873472272e-01
1.569132305436625185e-01,3.405836532775189385e-01,5.259481073875981183e-01
1.634778064799016495e-01,3.432933825238518311e-01,5.327246928023572359e-01
1.700953920180615919e-01,3.459781948615674452e-01,5.394585273975053274e-01
1.767632141064806039e-01,3.486388188072646610e-01,5.461466821389582282e-01
1.834785995986549234e-01,3.512760264279322642e-01,5.527862505207187249e-01
1.902389636258735306e-01,3.538906326104832023e-01,5.593743536054597287e-01
1.970417997531996868e-01,3.564834941948916147e-01,5.659081450633232091e-01
2.038846716572250140e-01,3.590555089721754189e-01,5.723848161943784207e-01
2.107652061031161095e-01,3.616076145491908256e-01,5.788016009200027678e-01
2.176810870315180058e-01,3.641407870829062587e-01,5.851557807283620516e-01
2.246300505937212089e-01,3.666560398875767235e-01,5.914446895591287667e-01
2.316098809971566252e-01,3.691544219189435982e-01,5.976657186126533849e-01
2.386184070431375259e-01,3.716370161403158012e-01,6.038163210689143634e-01
2.456534992556630437e-01,3.741049377760940486e-01,6.098940167018050973e-01
2.527130675143496874e-01,3.765593324589843749e-01,6.158963963745961445e-01
2.597950591167121903e-01,3.790013742778025607e-01,6.218211264027724283e-01
2.668974572052797978e-01,3.814322637334067179e-01,6.276659527708992048e-01
2.740182795038366703e-01,3.838532256108794782e-01,6.334287051906740684e-01
2.811555773146282577e-01,3.862655067766086470e-01,6.391073009879043587e-01
2.883074347347187039e-01,3.886703739094332088e-01,6.446997488068019200e-01
2.954719680553379857e-01,3.910691111754200922e-01,6.502041521206975982e-01
3.026473253127371921e-01,3.934630178562300018e-01,6.556187125390381398e-01
3.098316859632566089e-01,3.958534059413219564e-01,6.609417329013516085e-01
3.170232606588934687e-01,3.982415976944760905e-01,6.661716201497350776e-01
3.242202911027681211e-01,4.006289232052745453e-01,6.713068879723228521e-01
3.314210499666589427e-01,4.030167179362448282e-01,6.763461592111281728e-01
3.386238408551313639e-01,4.054063202763933393e-01,6.812881680286400066e-01
3.458269983029436667e-01,4.077990691117455158e-01,6.861317618285263098e-01
3.530288877942522330e-01,4.101963014233732108e-01,6.908759029268208840e-01
3.602279057938070905e-01,4.125993499231307982e-01,6.955196699709801367e-01
3.674224797817776667e-01,4.150095407370169021e-01,7.000622591052151344e-01
3.746110682851746532e-01,4.174281911456806382e-01,7.045029848815261841e-01
3.817921608999759742e-01,4.198566073911259577e-01,7.088412809168612716e-01
3.889642782991177827e-01,4.222960825581457134e-01,7.130767002978222191e-01
3.961259722224166335e-01,4.247478945384213778e-01,7.172089157352922184e-01
4.032758254453400748e-01,4.272133040845755847e-01,7.212377194723063045e-01
4.104124517242433434e-01,4.296935529607845416e-01,7.251630229493875035e-01
4.175344957163799609e-01,4.321898621958064068e-01,7.289848562324314774e-01
4.246406328735491398e-01,4.347034304435213325e-01,7.327033672090480509e-01
4.317295693087616071e-01,4.372354324552910620e-01,7.363188205600353919e-01
4.388000416357811240e-01,4.397870176676177412e-01,7.398315965133971384e-01
4.458508167817535894e-01,4.423593089077836327e-01,7.432421893889629150e-01
4.528806917735266890e-01,4.449534012193127053e-01,7.465512059423001778e-01
4.598884934985394968e-01,4.475703608082911011e-01,7.497593635171483362e-01
4.668730784413991919e-01,4.502112241107970037e-01,7.528674880160933780e-01
4.738333323975329470e-01,4.528769969808831841e-01,7.558765116996449818e-01
4.807681701654086814e-01,4.555686539978531235e-01,7.587874708242292598e-01
4.876765352190413627e-01,4.582871378908218163e-01,7.616015031299112614e-01
4.945573993625336784e-01,4.610333590779221447e-01,7.643198451889301470e-01
5.014097623685658256e-01,4.638081953168689542e-01,7.669438296262659494e-01
5.082326516027437791e-01,4.666124914630520037e-01,7.694748822236129326e-01
5.150251216357919493e-01,4.694470593307940587e-01,7.719145189181724209e-01
5.217862538455856347e-01,4.723126776529754101e-01,7.742643427076838503e-01
5.285151560109913049e-01,4.752100921338284212e-01,7.765260404730701671e-01
5.352109618994973506e-01,4.781400155893657522e-01,7.787013797299475737e-01
5.418728308505692537e-01,4.811031281696473427e-01,7.807922053201167278e-01
5.484999473565976835e-01,4.841000776568819552e-01,7.828004360539269069e-01
5.550915206432940341e-01,4.871314798331987661e-01,7.847280613141868200e-01
5.616467842512831155e-01,4.901979189118535474e-01,7.865771376319774522e-01
5.681649956205711005e-01,4.932999480255857994e-01,7.883497852444238951e-01
5.746454356795270835e-01,4.964380897658687286e-01,7.900481846441178568e-01
5.810874084398784944e-01,4.996128367668637993e-01,7.916745731294894117e-01
5.874902405991725418e-01,5.028246523280037739e-01,7.932312413650260963e-01
5.938532811520433885e-01,5.060739710692918614e-01,7.947205299597921435e-01
6.001759010115619297e-01,5.093611996135910536e-01,7.961448260722451264e-01
6.064574926418104805e-01,5.126867172904157055e-01,7.975065600488921991e-01
6.126974697028032546e-01,5.160508768559812776e-01,7.988082021038113156e-01
6.188952667087163073e-01,5.194540052245627537e-01,8.000522590456136118e-01
6.250503387003315536e-01,5.228964042065158413e-01,8.012412710578816766e-01
6.311621609325832605e-01,5.263783512485956662e-01,8.023778085386470416e-01
6.372302285778826958e-01,5.299001001725948123e-01,8.034644690039495218e-01
6.432540564459636734e-01,5.334618819085993335e-01,8.045038740600279903e-01
6.492331787208396321e-01,5.370639052195275154e-01,8.054986664481935676e-01
6.551671487154138163e-01,5.407063574139542306e-01,8.064515071659443812e-01
6.610555386442512615e-01,5.443894050445426958e-01,8.073650726674079792e-01
6.668979394149502360e-01,5.481131945897413926e-01,8.082420521457203133e-01
6.726939604384932769e-01,5.518778531167161105e-01,8.090851448994925699e-01
6.784432294589392010e-01,5.556834889238062569e-01,8.098970577850878039e-01
6.841453924027529609e-01,5.595301921610634777e-01,8.106805027559792487e-01
6.898001132480879871e-01,5.634180354277300573e-01,8.114381944900799226e-01
6.954070739142151902e-01,5.673470743457736942e-01,8.121728481055084936e-01
7.009659741713971659e-01,5.713173481088185124e-01,8.128871769649154144e-01
7.064765315713710248e-01,5.753288800060681885e-01,8.135838905681123112e-01
7.119384813986691096e-01,5.793816779210039236e-01,8.142656925324261996e-01
7.173515766429708895e-01,5.834757348048331682e-01,8.149352786598834664e-01
7.227155879926604465e-01,5.876110291248407558e-01,8.155953350900335685e-01
7.280303038498123769e-01,5.917875252879376546e-01,8.162485365369495094e-01
7.332955303667754166e-01,5.960051740398413234e-01,8.168975446086924608e-01
7.385110915045869362e-01,6.002639128404295699e-01,8.175450062072893154e-01
7.436768291134173703e-01,6.045636662159161734e-01,8.181935520070714452e-01
7.487926030352990425e-01,6.089043460885736891e-01,8.188457950090262116e-01
7.538582912293938509e-01,6.132858520847827011e-01,8.195043291686402442e-01
7.588737899200673764e-01,6.177080718222700551e-01,8.201717280945691746e-01
7.638390137681021486e-01,6.221708811773852821e-01,8.208505438153300693e-01
7.687538960653673703e-01,6.266741445333384730e-01,8.215433056111041132e-01
7.736183889533265745e-01,6.312177150103034373e-01,8.222525189076390628e-01
7.784324636657972141e-01,6.358014346782905335e-01,8.229806642291649377e-01
7.831961107964079405e-01,6.404251347536981109e-01,8.237301962071728045e-01
7.879093405912453996e-01,6.450886357804256344e-01,8.245035426418558799e-01
7.925721832672426581e-01,6.497917477963938149e-01,8.253031036129954146e-01
7.971846893569074499e-01,6.545342704862918692e-01,8.261312506370438458e-01
8.017469300800351695e-01,6.593159933213238455e-01,8.269903258671514878e-01
8.062589977431433574e-01,6.641366956866747717e-01,8.278826413329068989e-01
8.107210061673942869e-01,6.689961469973707553e-01,8.288104782165699458e-01
8.151330911458919415e-01,6.738941068031181203e-01,8.297760861625966822e-01
8.194954109312794222e-01,6.788303248826840219e-01,8.307816826173248792e-01
8.238081467547155867e-01,6.838045413282510809e-01,8.318294521956995924e-01
8.280715033773271561e-01,6.888164866201594849e-01,8.329215460719987529e-01
8.322857096754191497e-01,6.938658816923274353e-01,8.340600813915645118e-01
8.364510192608751726e-01,6.989524379885471150e-01,8.352471407006263338e-01
8.405677111381889555e-01,7.040758575098082783e-01,8.364847713913373672e-01
8.446360903999091674e-01,7.092358328526341404e-01,8.377749851592593000e-01
8.486564889623582353e-01,7.144320472383516307e-01,8.391197574705619999e-01
8.526292663436946251e-01,7.196641745330845108e-01,8.405210270362941660e-01
8.565548104867110046e-01,7.249318792581194160e-01,8.419806952911368381e-01
8.604335386289424514e-01,7.302348165901805244e-01,8.435006258741181151e-01
8.642658982230647657e-01,7.355726323509576003e-01,8.450826441088181706e-01
8.680523679108955726e-01,7.409449629850853869e-01,8.467285364806331760e-01
8.717934585547448822e-01,7.463514355255753685e-01,8.484400501087133728e-01
8.754897143303972396e-01,7.517916675454630049e-01,8.502188922101933111e-01
8.791417138866038927e-01,7.572652670942016107e-01,8.520667295543450370e-01
8.827500715766205541e-01,7.627718326170425112e-01,8.539851879042612559e-01
8.863154387682443680e-01,7.683109528552944933e-01,8.559758514436286436e-01
8.898385052397252970e-01,7.738822067249742087e-01,8.580402621860795387e-01
8.933200006701195184e-01,7.794851631709129869e-01,8.601799193645022212e-01
8.967606962340898269e-01,7.851193809928193046e-01,8.623962787975324451e-01
9.001614063128470233e-01,7.907844086391624394e-01,8.646907522302504923e-01
9.035229903349211167e-01,7.964797839639867760e-01,8.670647066458382346e-01
9.068463547630444266e-01,8.022050339407871267e-01,8.695194635446259479e-01
9.101324552463545547e-01,8.079596743264974013e-01,8.720562981865296326e-01
9.133822989608708642e-01,8.137432092672296502e-01,8.746764387923521289e-01
9.165969471658506063e-01,8.195551308356825437e-01,8.773810656987651724e-01
9.197775180091861680e-01,8.253949184880784440e-01,8.801713104609837357e-01
9.229251896221812856e-01,8.312620384258200268e-01,8.830482548961255951e-01
9.260412035529771435e-01,8.371559428437481687e-01,8.860129300590048329e-01
9.291268685990721199e-01,8.430760690427454573e-01,8.890663151405465703e-01
9.321835651139430690e-01,8.490218383790175682e-01,8.922093362770755487e-01
9.352127498812068396e-01,8.549926550155503291e-01,8.954428652562769209e-01
9.382159616739200736e-01,8.609879044322483743e-01,8.987677181025575113e-01
9.411948276483066422e-01,8.670069516394717235e-01,9.021846535206063944e-01
9.441510707631917132e-01,8.730491390240161520e-01,9.056943711709237732e-01
9.470865184729021502e-01,8.791137837354687790e-01,9.092975097445535893e-01
9.500031130183402839e-01,8.852001744920789950e-01,9.129946447957155709e-01
9.529029237471172697e-01,8.913075676453939833e-01,9.167862862796775092e-01
9.557881620427973735e-01,8.974351822868126272e-01,9.206728757279654118e-01
9.586611996564534666e-01,9.035821940988079115e-01,9.246547829721675216e-01
9.615245915443345615e-01,9.097477275361142146e-01,9.287323022986369025e-01
9.643811047786429169e-01,9.159308457465569209e-01,9.329056478753740000e-01
9.672337558060620788e-01,9.221305373721953025e-01,9.371749482329552183e-01
9.700858594422309134e-01,9.283456989469371923e-01,9.415402394931152719e-01
9.729410948000919435e-01,9.345751109150037816e-01,9.460014569036357956e-01
9.758035964071677393e-01,9.408174041226878836e-01,9.505584240247922923e-01
9.786780841683931920e-01,9.470710115593398148e-01,9.552108385614640484e-01
9.815700559042334072e-01,9.533340962400550511e-01,9.599582532290676928e-01
9.844860862567569315e-01,9.596044383654066534e-01,9.648000489332971830e-01
9.874343191489919347e-01,9.658792480674359693e-01,9.697353953639086255e-01
9.904253454117107891e-01,9.721548294379683819e-01,9.747631893910183587e-01
9.934739478202253560e-01,9.784259081678113867e-01,9.798819500731860144e-01
9.966031973246073372e-01,9.846840432277618183e-01,9.850896147457933738e-01
9.998573547627426228e-01,9.909125914859479023e-01,9.903830408108241778e-01
1.003410877078282581e+00,9.970437826621093569e-01,9.957555575207212017e-01
