1.987250802391268381e-05,1.958680178891895828e-05,1.952928953696901807e-05
4.112732273814981017e-04,3.176064249072121795e-04,3.036880548579529615e-04
1.243503910545968238e-03,8.872801613129819090e-04,8.395803506104867510e-04
2.501456381605767811e-03,1.684604000885220852e-03,1.585913725657807924e-03
4.184494541327906519e-03,2.684807233867579808e-03,2.522045829313806099e-03
6.296315367974454104e-03,3.870452951077991456e-03,3.635678314999724482e-03
8.842534465207427252e-03,5.228014785577644180e-03,4.919200006374998928e-03
1.182974697917932652e-02,6.746396965029069666e-03,6.368074372880189876e-03
1.526507476915083331e-02,8.416161470106924003e-03,7.979984412848887751e-03
1.915591673540009005e-02,1.022907547840574277e-02,9.754326029414556523e-03
2.350979728709249109e-02,1.217782491681678424e-02,1.169188481956975369e-02
2.833426721593870073e-02,1.425582262405109338e-02,1.379461883381808730e-02
3.363683470659337149e-02,1.645707426387353622e-02,1.606550694748855659e-02
3.942491470103594298e-02,1.877608142684772038e-02,1.850844009219191136e-02
4.543407570174599203e-02,2.120776972379038658e-02,2.112814171099471408e-02
5.139303388541826417e-02,2.374743427108461091e-02,2.393010884989823714e-02
5.731571562785758162e-02,2.639069763698705107e-02,2.692056825160384775e-02
6.320568782336422053e-02,2.913347693970104804e-02,3.010644362442016497e-02
6.906592826378804562e-02,3.197195781165006190e-02,3.349533140691846739e-02
7.489893186692325733e-02,3.490257361199929770e-02,3.709548310159546669e-02
8.070679308072661873e-02,3.792198871733633292e-02,4.090641336048222304e-02
8.649127070645509785e-02,4.101502247006624108e-02,4.475331445079253762e-02
9.225383953218901922e-02,4.405587169975185707e-02,4.861350197809603119e-02
9.799573192409563593e-02,4.704306410563930535e-02,5.249111125503640868e-02
1.037179716693372722e-01,4.997934007296157138e-02,5.638996810001140753e-02
1.094214017680891771e-01,5.286723842849033045e-02,6.031362436742907646e-02
1.151067074482021724e-01,5.570912472326922799e-02,6.426538749129981354e-02
1.207744353700783146e-01,5.850721500277521886e-02,6.824834521574574264e-02
1.264250097654063543e-01,6.126359593052452951e-02,7.226538641917534811e-02
1.320587460873823282e-01,6.398024194025758726e-02,7.631921873992958405e-02
1.376758626255168705e-01,6.665902994804123738e-02,8.041238356118268760e-02
1.432764904436839570e-01,6.930175204612559758e-02,8.454726879855001265e-02
1.488606819277218385e-01,7.191012651616557338e-02,8.872611984587022715e-02
1.544284181729519700e-01,7.448580743402610782e-02,9.295104896632863656e-02
1.599796153983435720e-01,7.703039308716472244e-02,9.722404336261017410e-02
1.655141305397313245e-01,7.954543338514999395e-02,1.015469721176044671e-01
1.710317661473012840e-01,8.203243641167348721e-02,1.059215921636810775e-01
1.765322746908568607e-01,8.449287424061777130e-02,1.103495534117767407e-01
1.820153623589333969e-01,8.692818811790517519e-02,1.148324031500062292e-01
1.874806924237384098e-01,8.933979309392298118e-02,1.193715898040942913e-01
1.929278882324261257e-01,9.172908217747208215e-02,1.239684661377803143e-01
1.983565358758338504e-01,9.409743007079096611e-02,1.286242919598041823e-01
2.037661865781067450e-01,9.644619653576738671e-02,1.333402363946132874e-01
2.091563588442660326e-01,9.877672943359203095e-02,1.381173797661447988e-01
2.145265403974848661e-01,1.010903674735339763e-01,1.429567151376149869e-01
2.198761899334453762e-01,1.033884427009588436e-01,1.478591495449232962e-01
2.252047387154497149e-01,1.056722827500314876e-01,1.528255049568655877e-01
2.305115920308681843e-01,1.079432128825404957e-01,1.578565189916767142e-01
2.357961305268924113e-01,1.102025578308670484e-01,1.629528454163690632e-01
2.410577114413661182e-01,1.124516434601720571e-01,1.681150544527701407e-01
2.462956697425711106e-01,1.146917982623500420e-01,1.733436329120372765e-01
2.515093191902683656e-01,1.169243546920847587e-01,1.786389841776453713e-01
2.566979533289382442e-01,1.191506503534306149e-01,1.840014280553466663e-01
2.618608464229860155e-01,1.213720290436749449e-01,1.894312005073557625e-01
2.669972543426958889e-01,1.235898416597682181e-01,1.949284532869766384e-01
2.721064154088639886e-01,1.258054469713405510e-01,2.004932534890049300e-01
2.771875512032938582e-01,1.280202122632057016e-01,2.061255830305148695e-01
2.822398673517241274e-01,1.302355138492763686e-01,2.118253380760278803e-01
2.872625542851967584e-01,1.324527374589935524e-01,2.175923284205431019e-01
2.922547879854138220e-01,1.346732784966385987e-01,2.234262768434823188e-01
2.972157307192198061e-01,1.368985421733026064e-01,2.293268184462347037e-01
3.021445317670008457e-01,1.391299435107882509e-01,2.352934999856699516e-01
3.070403281494730741e-01,1.413689072163296645e-01,2.413257792157289527e-01
3.119022453570884368e-01,1.436168674267145617e-01,2.474230242489526277e-01
3.167293980860335645e-01,1.458752673202058092e-01,2.535845129495996608e-01
3.215208909846146157e-01,1.481455585945565534e-01,2.598094323698079133e-01
3.262758194136268219e-01,1.504292008094114674e-01,2.660968782400574550e-01
3.309932702241645819e-01,1.527276605914795748e-01,2.724458545250083019e-01
3.356723225561804580e-01,1.550424107010538732e-01,2.788552730555905468e-01
3.403120486609749751e-01,1.573749289587282330e-01,2.853239532480291718e-01
3.449115147506900958e-01,1.597266970315453227e-01,2.918506219202541274e-01
3.494697818777628973e-01,1.620991990782695569e-01,2.984339132159284924e-01
3.539859068472008263e-01,1.644939202540302570e-01,3.050723686460599104e-01
3.584589431644463753e-01,1.669123450752234283e-01,3.117644372578685652e-01
3.628879420214843332e-01,1.693559556462773952e-01,3.185084759402874721e-01
3.672719533237727152e-01,1.718262297506783498e-01,3.253027498751023816e-01
3.716100267604568463e-01,1.743246388095112953e-01,3.321454331423709383e-01
3.759012129202385921e-01,1.768526457116952333e-01,3.390346094883224248e-01
3.801445644551540992e-01,1.794117025210565097e-01,3.459682732634863922e-01
3.843391372943990580e-01,1.820032480663944519e-01,3.529443305382955476e-01
3.884839919102254235e-01,1.846287054217248536e-01,3.599606004028410022e-01
3.925781946377806531e-01,1.872894792849459644e-01,3.670148164568923788e-01
3.966208190506388398e-01,1.899869532642085301e-01,3.741046284956350276e-01
4.006109473935959286e-01,1.927224870823198433e-01,3.812276043959105798e-01
4.045476720741429388e-01,1.954974137105169318e-01,3.883812322070100409e-01
4.084300972138512620e-01,1.983130364438973614e-01,3.955629224493150686e-01
4.122573402606895532e-01,2.011706259317235790e-01,4.027700106232565136e-01
4.160285336631079911e-01,2.040714171766148666e-01,4.099997599302300788e-01
4.197428266064640034e-01,2.070166065174188219e-01,4.172493642062017893e-01
4.233993868121529447e-01,2.100073486111622700e-01,4.245159510678436776e-01
4.269974023995270485e-01,2.130447534300280443e-01,4.317965852700568763e-01
4.305360838104270171e-01,2.161298832896906830e-01,4.390882722728034482e-01
4.340146657958387499e-01,2.192637499256252509e-01,4.463879620141239513e-01
4.374324094639220895e-01,2.224473116341077472e-01,4.536925528852496226e-01
4.407886043882889848e-01,2.256814704946232819e-01,4.609988959026534716e-01
4.440825707751221985e-01,2.289670696902070257e-01,4.683037990708625586e-01
4.473136616873474858e-01,2.323048909419417329e-01,4.756040319288422080e-01
4.504812653237293962e-01,2.356956520733367588e-01,4.828963302716858252e-01
4.535848073503798150e-01,2.391400047197264622e-01,4.901774010383826430e-01
4.566237532818019917e-01,2.426385321970434550e-01,4.974439273554041585e-01
4.595976109081827965e-01,2.461917475434585167e-01,5.046925737248876276e-01
4.625059327652779051e-01,2.498000917463488180e-01,5.119199913452743278e-01
4.653483186427919693e-01,2.534639321659680200e-01,5.191228235513422051e-01
4.681244181267932292e-01,2.571835611659518683e-01,5.262977113597394618e-01
4.708339331712489417e-01,2.609591949595170823e-01,5.334412991053265607e-01
4.734766206933831989e-01,2.647909726788522655e-01,5.405502401529046486e-01
4.760522951871408170e-01,2.686789556737712026e-01,5.476212026682318879e-01
4.785608313486067744e-01,2.726231270442830978e-01,5.546508754316549217e-01
4.810021667068606344e-01,2.766233914102391167e-01,5.616359736771457944e-01
4.833763042533094079e-01,2.806795749197706913e-01,5.685732449391343035e-01
4.856833150621487349e-01,2.847914254967693903e-01,5.754594748891519451e-01
4.879233408942302286e-01,2.889586133262280754e-01,5.822914931440891229e-01
4.900965967762024866e-01,2.931807315748779508e-01,5.890661790276855436e-01
4.922033735464314552e-01,2.974572973432130785e-01,5.957804672668421953e-01
4.942440403588426734e-01,3.017877528437223345e-01,6.024313536043766071e-01
4.962190471354752108e-01,3.061714667989323124e-01,6.090159003100010793e-01
4.981289269581731793e-01,3.106077360517635055e-01,6.155312415715425978e-01
4.999742983895507087e-01,3.150957873796325082e-01,6.219745887487866387e-01
5.017558677130157241e-01,3.196347795028128824e-01,6.283432354727649383e-01
5.034744310813470403e-01,3.242238052767065226e-01,6.346345625738623042e-01
5.051308765630291298e-01,3.288618940569227878e-01,6.408460428227613637e-01
5.067261860752892977e-01,3.335480142254181879e-01,6.469752454689633447e-01
5.082614371924869534e-01,3.382810758653940764e-01,6.530198405624560998e-01
5.097378048183209831e-01,3.430599335721923326e-01,6.589776030449887578e-01
5.111565627100373987e-01,3.478833893870899585e-01,6.648464165983809515e-01
5.125190848426558476e-01,3.527501958406218940e-01,6.706242772383385065e-01
5.138268466010442737e-01,3.576590590918983237e-01,6.763092966433524866e-01
5.150814257875083735e-01,3.626086421503019186e-01,6.818997052093874744e-01
5.162845034324188287e-01,3.675975681659753858e-01,6.873938548222872091e-01
5.174378643953301271e-01,3.726244237755658717e-01,6.927902213410322974e-01
5.185433977439393161e-01,3.776877624898795638e-01,6.980874067862666843e-01
5.196030968982390252e-01,3.827861081103168805e-01,7.032841412297596850e-01
5.206190595272107702e-01,3.879179581612590133e-01,7.083792843817808826e-01
5.215934871854894794e-01,3.930817873259253026e-01,7.133718268746364055e-01
5.225286846775446525e-01,3.982760508736343241e-01,7.182608912419025105e-01
5.234270591371305015e-01,4.034991880668480912e-01,7.230457325941493929e-01
5.242911188100258801e-01,4.087496255368837095e-01,7.277257389931908182e-01
5.251234715284344157e-01,4.140257806177046751e-01,7.323004315280980947e-01
5.259268228658864341e-01,4.193260646277714443e-01,7.367694640973881937e-01
5.267039739620412719e-01,4.246488860905271445e-01,7.411326229029066015e-01
5.274578190074655781e-01,4.299926538847076429e-01,7.453898256620027363e-01
5.281913423793275220e-01,4.353557803162879658e-01,7.495411205455922987e-01
5.289076154198453228e-01,4.407366841045405881e-01,7.535866848506607152e-01
5.296097928505194563e-01,4.461337932753126068e-01,7.575268234166127046e-01
5.303011088164359954e-01,4.515455479553042717e-01,7.613619667957096659e-01
5.309848725564153549e-01,4.569704030617742219e-01,7.650926691885332476e-01
5.316644636964505954e-01,4.624068308827585239e-01,7.687196061560784832e-01
5.323433271657223020e-01,4.678533235435424209e-01,7.722435721206575288e-01
5.330249677365705985e-01,4.733083953557401524e-01,7.756654776682688768e-01
5.337129441920385187e-01,4.787705850459925139e-01,7.789863466655099211e-01
5.344108631270777510e-01,4.842384578618719737e-01,7.822073132044345956e-01
5.351223723921709752e-01,4.897106075531941216e-01,7.853296183890002835e-01
5.358511541909717346e-01,4.951856582274880014e-01,7.883546069769431508e-01
5.366009178465390717e-01,5.006622660789475932e-01,7.912837238909804505e-01
5.373753922539499239e-01,5.061391209906778155e-01,7.941185106132924165e-01
5.381783180402964772e-01,5.116149480105811609e-01,7.968606014771666413e-01
5.390134394564829456e-01,5.170885087016663384e-01,7.995117198695815830e-01
5.398844960286006689e-01,5.225586023680311998e-01,8.020736743583176676e-01
5.407952140001006658e-01,5.280240671581677425e-01,8.045483547569530769e-01
5.417492975993287718e-01,5.334837810476268372e-01,8.069377281407965619e-01
5.427504201702788578e-01,5.389366627034340995e-01,8.092438348264729964e-01
5.438022152074624138e-01,5.443816722329734015e-01,8.114687843274741574e-01
5.449082673387598552e-01,5.498178118203449483e-01,8.136147512975652196e-01
5.460721033026381122e-01,5.552441262534686395e-01,8.156839714734517299e-01
5.472971829684063483e-01,5.606597033454530088e-01,8.176787376276243302e-01
5.485868904500652565e-01,5.660636742539202348e-01,8.196013955417527086e-01
5.499445253655663723e-01,5.714552137022099743e-01,8.214543400104603599e-01
5.513732942943259108e-01,5.768335401064734747e-01,8.232400108847286457e-01
5.528763024859493225e-01,5.821979156128460620e-01,8.249608891635973329e-01
5.544565458729732166e-01,5.875476460489519326e-01,8.266194931422417014e-01
5.561169034393671495e-01,5.928820807940846649e-01,8.282183746238878097e-01
5.578601299950193271e-01,5.982006125724440571e-01,8.297601152024413063e-01
5.596888494041563078e-01,6.035026771738624118e-01,8.312473226221004374e-01
5.616055483127485592e-01,6.087877531064294079e-01,8.326826272196189427e-01
5.636125704164769434e-01,6.140553611854530081e-01,8.340686784543146493e-01
5.657121113067222762e-01,6.193050640631194703e-01,8.354081415303259428e-01
5.679062139274088095e-01,6.245364657032161926e-01,8.367036941150732821e-01
5.701967646704676485e-01,6.297492108051816473e-01,8.379580231573201532e-01
5.725854901321570933e-01,6.349429841817089137e-01,8.391738218077188227e-01
5.750739545467222769e-01,6.401175100940068585e-01,8.403537864441954497e-01
5.776635579078218674e-01,6.452725515487521823e-01,8.415006138040727057e-01
5.803555347820227306e-01,6.504079095606493111e-01,8.426169982243361112e-01
5.831509538124712844e-01,6.555234223844023100e-01,8.437056289910265239e-01
5.860507179048271009e-01,6.606189647197637793e-01,8.447691877983305453e-01
5.890555650814893740e-01,6.656944468932403103e-01,8.458103463175342673e-01
5.921660699846761355e-01,6.707498140198392411e-01,8.468317638756667209e-01
5.953826460034157275e-01,6.757850451481600684e-01,8.478360852432957895e-01
5.987055479947755998e-01,6.808001523919690046e-01,8.488259385306572424e-01
6.021348755651863005e-01,6.857951800512440688e-01,8.498039331909796879e-01
6.056705768738798179e-01,6.907702037255661898e-01,8.507726581296496393e-01
6.093124529172136983e-01,6.957253294225644868e-01,8.517346799175868899e-01
6.130601622500003733e-01,7.006606926639871169e-01,8.526925411070234162e-01
6.169132260978736904e-01,7.055764575918450632e-01,8.536487586476756428e-01
6.208710338133826001e-01,7.104728160769273604e-01,8.546058224011491289e-01
6.249328486276870542e-01,7.153499868318483612e-01,8.555661937512801796e-01
6.290978136494602690e-01,7.202082145306764049e-01,8.565323043079969834e-01
6.333649580630468234e-01,7.250477689370505852e-01,8.575065547021836210e-01
6.377332034786925563e-01,7.298689440425827346e-01,8.584913134689838854e-01
6.422013703890421255e-01,7.346720572172260599e-01,8.594889160168976971e-01
6.467681846877829654e-01,7.394574483731847225e-01,8.605016636800056906e-01
6.514322842084901977e-01,7.442254791438240868e-01,8.615318228506395615e-01
6.561922252439700287e-01,7.489765320789826264e-01,8.625816241898152104e-01
6.610464890091741763e-01,7.537110098579478112e-01,8.636532619127637034e-01
6.659934880134091850e-01,7.584293345213350968e-01,8.647488931469234918e-01
6.710315723105817476e-01,7.631319467229988884e-01,8.658706373598189510e-01
6.761590355991442536e-01,7.678193050030630573e-01,8.670205758542985919e-01
6.813741211463760772e-01,7.724918850831132833e-01,8.682007513286918998e-01
6.866750275146826787e-01,7.771501791845416562e-01,8.694131674995410064e-01
6.920599140703437291e-01,7.817946953710206426e-01,8.706597887846539985e-01
6.975269062580344848e-01,7.864259569160677588e-01,8.719425400443688856e-01
7.030741006270232463e-01,7.910445016966505261e-01,8.732633063790370409e-01
7.086995695973328235e-01,7.956508816138360141e-01,8.746239329808919161e-01
7.144013659565435770e-01,8.002456620414795108e-01,8.760262250386530170e-01
7.201775270798326245e-01,8.048294213040386724e-01,8.774719476933861007e-01
7.260260788676876631e-01,8.094027501846678962e-01,8.789628260443641539e-01
7.319450393972907198e-01,8.139662514648553504e-01,8.805005452039210700e-01
7.379324222848109294e-01,8.185205394970097581e-01,8.820867504005380777e-01
7.439862397568819397e-01,8.230662398115666800e-01,8.837230471297397028e-01
7.501045054302231119e-01,8.276039887604210721e-01,8.854110013526944600e-01
7.562852367987418223e-01,8.321344331987526877e-01,8.871521397428433486e-01
7.625264574275304463e-01,8.366582302076471800e-01,8.889479499813440766e-01
7.688261988528726221e-01,8.411760468603187713e-01,8.907998811026527353e-01
7.751825021866610710e-01,8.456885600352400667e-01,8.927093438922447666e-01
7.815934194224715137e-01,8.501964562801029857e-01,8.946777113392266889e-01
7.880570144389280607e-01,8.547004317312741906e-01,8.967063191475471706e-01
7.945713636937455915e-01,8.592011920943305459e-01,8.987964663106489116e-01
8.011345565988635675e-01,8.636994526923978954e-01,9.009494157557970118e-01
8.077446955633639236e-01,8.681959385904394200e-01,9.031663950660647755e-01
8.143998956859559435e-01,8.726913848053906575e-01,9.054485972901050728e-01
8.210982840726780418e-01,8.771865366142685971e-01,9.077971818525816250e-01
8.278379987476214286e-01,8.816821499751666957e-01,9.102132755815877108e-01
8.346171871143339693e-01,8.861789920796614428e-01,9.126979738738534298e-01
8.414340039126726456e-01,8.906778420597253332e-01,9.152523420243150465e-01
8.482866085989687610e-01,8.951794918782322030e-01,9.178774167542080864e-01
8.551731620552447399e-01,8.996847474400007094e-01,9.205742079818793888e-01
8.620918225038960436e-01,9.041944299707058708e-01,9.233437008939928692e-01
8.690407404649169720e-01,9.087093777249664051e-01,9.261868583930590315e-01
8.760180525389600348e-01,9.132304481039621447e-01,9.291046240224031250e-01
8.830218737255943751e-01,9.177585202891613836e-01,9.320979255047725509e-01
8.900502878817521113e-01,9.222944985356693604e-01,9.351676790806936479e-01
8.971013357764966445e-01,9.268393163213375363e-01,9.383147949047271341e-01
9.041729999804480888e-01,9.313939416246501679e-01,9.415401838640361509e-01
9.112631855032665706e-01,9.359593837188575627e-01,9.448447663438946931e-01
9.183696945945623025e-01,9.405367020449251214e-01,9.482294837124679576e-01
9.254901933385017987e-01,9.451270180012615318e-01,9.516953136913804956e-01
9.326221663926029803e-01,9.497315309360744306e-01,9.552432914268192965e-01
9.397628540540732267e-01,9.543515403848413792e-01,9.588745391836143162e-01
9.469091619970099183e-01,9.589884779328127218e-01,9.625903095648330465e-01
9.540575268426384481e-01,9.636439545773357596e-01,9.663920508952724697e-01
9.612037063809549808e-01,9.683198344353650677e-01,9.702815109355139578e-01
9.683424321484109809e-01,9.730183563956226189e-01,9.742609115684798260e-01
9.754667869669638725e-01,9.777423512033732722e-01,9.783332672246557449e-01
9.825669604146517466e-01,9.824956735356894511e-01,9.825030328445364391e-01
9.896273105064531395e-01,9.872842170561554331e-01,9.867776616531082068e-01
9.966170510972177654e-01,9.921191136932551169e-01,9.911726379704198786e-01
1.003410877078282581e+00,9.970437826621093569e-01,9.957555575207212017e-01
