1.987250802391268381e-05,1.958680178891895828e-05,1.952928953696901807e-05
3.015718090825116981e-04,3.544837747695233862e-04,3.644559396406852128e-04
8.203879070263690558e-04,1.029611713846846806e-03,1.072549066436694586e-03
1.525313663206021497e-03,2.013144512258096316e-03,2.120977319140288867e-03
2.386438828296344548e-03,3.290244858406605240e-03,3.504159860389858498e-03
3.382319592871314059e-03,4.851997503890343767e-03,5.222876223077031234e-03
4.496211945158225080e-03,6.692437566009210720e-03,7.281382615731745410e-03
5.714412982726861136e-03,8.807310361704713542e-03,9.686216017850692375e-03
7.025384053026173699e-03,1.119343947826480570e-02,1.244558833875206161e-02
8.419233523828411128e-03,1.384836285138495160e-02,1.556903988393761214e-02
9.887388613184276351e-03,1.677010462482285066e-02,1.906722389944177573e-02
1.142237625091032521e-02,1.995702277583432868e-02,2.295176402038724695e-02
1.301767127748717189e-02,2.340770215152507966e-02,2.723515515983487845e-02
1.466758849021787547e-02,2.712087627548357208e-02,3.193069162965380542e-02
1.636720446951007643e-02,3.109536821378300689e-02,3.705241297789729771e-02
1.811230033631084507e-02,3.533004454301402752e-02,4.254635505370762266e-02
1.989931964294486960e-02,3.982377861353032095e-02,4.806667272205541325e-02
2.172533746558304515e-02,4.439156209991828445e-02,5.358997276356358003e-02
2.358803795147956447e-02,4.890056243272453834e-02,5.912084340680964084e-02
2.548569835099566416e-02,5.336157710375825231e-02,6.466330994977392832e-02
2.741717808800597095e-02,5.777727615110590104e-02,7.022092265072152339e-02
2.938191178366608008e-02,6.214995490538132578e-02,7.579682584961069947e-02
3.137990540318628258e-02,6.648159065313261062e-02,8.139381295968292629e-02
3.341173487806682607e-02,7.077388849899682310e-02,8.701437066495062989e-02
3.547854668957318991e-02,7.502831888220934387e-02,9.266071476238868510e-02
3.758205999788324925e-02,7.924614856923775652e-02,9.833481945917910139e-02
3.972456997527870626e-02,8.342846649267376957e-02,1.040384414875830943e-01
4.186961630004489704e-02,8.757620547978231529e-02,1.097731400760756926e-01
4.398462693272110063e-02,9.169016067442170570e-02,1.155402935777772866e-01
4.608301225984225841e-02,9.577100527795745499e-02,1.213411133806946707e-01
4.816977793429703253e-02,9.981930410091349737e-02,1.271766555916254149e-01
5.024991363719463061e-02,1.038355253153484259e-01,1.330478308847899693e-01
5.232839436607531619e-02,1.078200507198319447e-01,1.389554128289247903e-01
5.441017879223668946e-02,1.117731847683543778e-01,1.449000449466918139e-01
5.650020495970323881e-02,1.156951625671706063e-01,1.508822467134873502e-01
5.860338358508989515e-02,1.195861570062675683e-01,1.569024186659240816e-01
6.072458921462294684e-02,1.234462851624879842e-01,1.629608467610551004e-01
6.286864949892920218e-02,1.272756140876202813e-01,1.690577061040974272e-01
6.504033285537605402e-02,1.310741660756211124e-01,1.751930641436635905e-01
6.724433479933097924e-02,1.348419234876101214e-01,1.813668834183539968e-01
6.948526323763082324e-02,1.385788332005875312e-01,1.875790239262274117e-01
7.176762302788419756e-02,1.422848107353883729e-01,1.938292451785754988e-01
7.409580011426999957e-02,1.459597441107520766e-01,2.001172079911291424e-01
7.647404555287379280e-02,1.496034974631991477e-01,2.064424760589539387e-01
7.890645973621659981e-02,1.532159144663828021e-01,2.128045173555893066e-01
8.139697711678947623e-02,1.567968215785037200e-01,2.192027053922100399e-01
8.394935171278769537e-02,1.603460311420769058e-01,2.256363203685762819e-01
8.656714365593204397e-02,1.638633443566613335e-01,2.321045502441461683e-01
8.925370701182336330e-02,1.673485541420076661e-01,2.386064917548365027e-01
9.201217906843750516e-02,1.708014479063589552e-01,2.451411513984383950e-01
9.484547124945044705e-02,1.742218102322604378e-01,2.517074464095600539e-01
9.775626176731133654e-02,1.776094254901637581e-01,2.583042057430998684e-01
1.007469900879482128e-01,1.809640803882855142e-01,2.649301710836229895e-01
1.038198532362253346e-01,1.842855664655552450e-01,2.715839978965508550e-01
1.069768039302299856e-01,1.875736825330452384e-01,2.782642565357693054e-01
1.102195504944528948e-01,1.908282370679822149e-01,2.849694334210740032e-01
1.135495584681520953e-01,1.940490505632648521e-01,2.916979322977741873e-01
1.169680537963353750e-01,1.972359578343618192e-01,2.984480755897583326e-01
1.204760274676171250e-01,2.003888102844917918e-01,3.052181058563668281e-01
1.240742414457589871e-01,2.035074781281137613e-01,3.120061873624893622e-01
1.277632357301735910e-01,2.065918525719432353e-01,3.188104077704284611e-01
1.315433363746414952e-01,2.096418479519743805e-01,3.256287799611992106e-01
1.354146642926016275e-01,2.126574038243029818e-01,3.324592439920835973e-01
1.393771446809621284e-01,2.156384870069273374e-01,3.392996691964202949e-01
1.434305169017844328e-01,2.185850935691277530e-01,3.461478564307577388e-01
1.475743446715975515e-01,2.214972507645061595e-01,3.530015404736687734e-01
1.518080264207933572e-01,2.243750189032953091e-01,3.598583925796628447e-01
1.561308056997892657e-01,2.272184931591204049e-01,3.667160231907840018e-01
1.605417815237292767e-01,2.300278053050244242e-01,3.735719848076218819e-01
1.650399185628918242e-01,2.328031253732303352e-01,3.804237750205795021e-01
1.696240571011148335e-01,2.355446632328428991e-01,3.872688397013767103e-01
1.742929226991109248e-01,2.382526700794553309e-01,3.941045763538719715e-01
1.790451355131415234e-01,2.409274398304516729e-01,4.009283376223972128e-01
1.838792192320279628e-01,2.435693104196596792e-01,4.077374349549082178e-01
1.887936096066304414e-01,2.461786649849497244e-01,4.145291424173517258e-01
1.937866625558011535e-01,2.487559329423457699e-01,4.213007006547713762e-01
1.988566618413072917e-01,2.513015909402562253e-01,4.280493209937789589e-01
2.040018263113343444e-01,2.538161636875380656e-01,4.347721896801495234e-01
2.092203167181175272e-01,2.563002246492613323e-01,4.414664722444396894e-01
2.145102421199502896e-01,2.587543966042606947e-01,4.481293179876912336e-01
2.198696658814956462e-01,2.611793520588478468e-01,4.547578645784658424e-01
2.252966112890264494e-01,2.635758135114051881e-01,4.613492427516677208e-01
2.307890667991472355e-01,2.659445535629854640e-01,4.679005810988745018e-01
2.363449909406981075e-01,2.682863948695252132e-01,4.744090109391638221e-01
2.419623168901648413e-01,2.706022099318094454e-01,4.808716712587753350e-01
2.476389567409913450e-01,2.728929207199228268e-01,4.872857137073179357e-01
2.533728054869131552e-01,2.751594981295868991e-01,4.936483076376711465e-01
2.591617447387958295e-01,2.774029612684927870e-01,4.999566451762265662e-01
2.650036461936467469e-01,2.796243765715062946e-01,5.062079463096611498e-01
2.708963748734148358e-01,2.818248567444568975e-01,5.123994639740760970e-01
2.768377921501060657e-01,2.840055595370658548e-01,5.185284891320051104e-01
2.828257585725020284e-01,2.861676863464990839e-01,5.245923558225856764e-01
2.888581365085677310e-01,2.883124806539569263e-01,5.305884461700062227e-01
2.949327926164115321e-01,2.904412262976895365e-01,5.365141953352853266e-01
3.010476001554535652e-01,2.925552455868127844e-01,5.423670963964197789e-01
3.072004411483132968e-01,2.946558972613080307e-01,5.481447051420296201e-01
3.133892084028642722e-01,2.967445743045890594e-01,5.538446447637926928e-01
3.196118074028720946e-01,2.988227016160154847e-01,5.594646104331887360e-01
3.258661580746898268e-01,3.008917335517329872e-01,5.650023737484178854e-01
3.321501964367019610e-01,3.029531513431446554e-01,5.704557870377418016e-01
3.384618761373537899e-01,3.050084604032765601e-01,5.758227875059790390e-01
3.447991698870258581e-01,3.070591875321365127e-01,5.811014012114480431e-01
3.511600707883468231e-01,3.091068780330001320e-01,5.862897468612561225e-01
3.575425935690852985e-01,3.111530927522893619e-01,5.913860394135379561e-01
3.639447757212741497e-01,3.131994050563838838e-01,5.963885934759908247e-01
3.703646785499318250e-01,3.152473977592572529e-01,6.012958264908632167e-01
3.768003881343641726e-01,3.172986600153399062e-01,6.061062616974202122e-01
3.832500162048693149e-01,3.193547841923397579e-01,6.108185308638086619e-01
3.897117009374529983e-01,3.214173627390369825e-01,6.154313767811991909e-01
3.961836076690257169e-01,3.234879850631929288e-01,6.199436555140646066e-01
4.026639295355087245e-01,3.255682344347080037e-01,6.243543384014536013e-01
4.091508880351588662e-01,3.276596849290793201e-01,6.286625138051635808e-01
4.156427335194707307e-01,3.297638984259266826e-01,6.328673886017432970e-01
4.221377456139822071e-01,3.318824216769993285e-01,6.369682894163183340e-01
4.286342335713492768e-01,3.340167834575694106e-01,6.409646635972704454e-01
4.351305365591088270e-01,3.361684918144862144e-01,6.448560799318582282e-01
4.416250238846026188e-01,3.383390314234254737e-01,6.486422291038732579e-01
4.481160951595982156e-01,3.405298610670121628e-01,6.523229238954597609e-01
4.546021804072229444e-01,3.427424112445358606e-01,6.558980991361831325e-01
4.610817401138964100e-01,3.449780819229319451e-01,6.593678114034019488e-01
4.675532652290116942e-01,3.472382404375747855e-01,6.627322384788882914e-01
4.740152771151973643e-01,3.495242195502353266e-01,6.659916785675371598e-01
4.804663274520419303e-01,3.518373156702984117e-01,6.691465492847965546e-01
4.869049980962084079e-01,3.541787872440785856e-01,6.721973864202447357e-01
4.933299009009431413e-01,3.565498533157179240e-01,6.751448424854374908e-01
4.997396774979542822e-01,3.589516922618956607e-01,6.779896850548141618e-01
5.061329990447377414e-01,3.613854407012081493e-01,6.807327949090462571e-01
5.125085659403497695e-01,3.638521925778480659e-01,6.833751639907287290e-01
5.188651075126883283e-01,3.663529984179288990e-01,6.859178931828076031e-01
5.252013816802927337e-01,3.688888647556197720e-01,6.883621899205117911e-01
5.315161745916539004e-01,3.714607537251186087e-01,6.907093656479101895e-01
5.378083002449789429e-01,3.740695828134366629e-01,6.929608331304741853e-01
5.440766000913099809e-01,3.767162247679874398e-01,6.951181036352368503e-01
5.503199426238174485e-01,3.794015076521018992e-01,6.971827839902690060e-01
5.565372229560378026e-01,3.821262150407963576e-01,6.991565735352776034e-01
5.627273623917050660e-01,3.848910863484651390e-01,7.010412609751378588e-01
5.688893079887812343e-01,3.876968172795743350e-01,7.028387211481305075e-01
5.750220321201360285e-01,3.905440603930105392e-01,7.045509117205505101e-01
5.811245320332777409e-01,3.934334257703457349e-01,7.061798698191924517e-01
5.871958294113811538e-01,3.963654817780910000e-01,7.077277086130232542e-01
5.932349699377652552e-01,3.993407559138368312e-01,7.091966138550794829e-01
5.992410228658564542e-01,4.023597357261685659e-01,7.105888403953442012e-01
6.052130805965501015e-01,4.054228697983051077e-01,7.119067086750006101e-01
6.111502582647541093e-01,4.085305687855569912e-01,7.131526012120921187e-01
6.170516933368103141e-01,4.116832064969421223e-01,7.143289590882100359e-01
6.229165452203215825e-01,4.148811210116124526e-01,7.154382784453684474e-01
6.287439948878458251e-01,4.181246158211056607e-01,7.164831070017817494e-01
6.345332445157767509e-01,4.214139609888856164e-01,7.174660405947597130e-01
6.402835171396239478e-01,4.247493943191124610e-01,7.183897197584155903e-01
6.459940563268110614e-01,4.281311225271006715e-01,7.192568263433822828e-01
6.516641258679910509e-01,4.315593224044827481e-01,7.200700801851706023e-01
6.572930094878062235e-01,4.350341419726649894e-01,7.208322358272758468e-01
6.628800105759066197e-01,4.385557016187569546e-01,7.215460793045930243e-01
6.684244519389648254e-01,4.421240952087512333e-01,7.222144249921256254e-01
6.739256755743635585e-01,4.457393911733121272e-01,7.228401125234540370e-01
6.793830424661165823e-01,4.494016335621558444e-01,7.234260037828637024e-01
6.847959324035788331e-01,4.531108430635279460e-01,7.239749799744971126e-01
6.901637438233760857e-01,4.568670179859010694e-01,7.244899387713670258e-01
6.954858936749865883e-01,4.606701351995034499e-01,7.249737915465437332e-01
7.007618173103196124e-01,4.645201510358344943e-01,7.254294606883169294e-01
7.059909683976278716e-01,4.684170021437792930e-01,7.258598770006632339e-01
7.111728188600136003e-01,4.723606063014123557e-01,7.262679771898352676e-01
7.163068588388052937e-01,4.763508631829722062e-01,7.266567014374702982e-01
7.213925966820197155e-01,4.803876550808895973e-01,7.270289910601577255e-01
7.264295589581243329e-01,4.844708475830959427e-01,7.273877862549764650e-01
7.314172904952752630e-01,4.886002902061631903e-01,7.277360239301529088e-01
7.363553544462483336e-01,4.927758169850715020e-01,7.280766356195763622e-01
7.412433323791975948e-01,4.969972470207050796e-01,7.284125454795796761e-01
7.460808243944295759e-01,5.012643849863294143e-01,7.287466683660719369e-01
7.508674492673699241e-01,5.055770215945256663e-01,7.290819079897858934e-01
7.556028446178856273e-01,5.099349340261867258e-01,7.294211551471502242e-01
7.602866671061241366e-01,5.143378863233174503e-01,7.297672860240209669e-01
7.649185926550861048e-01,5.187856297474597866e-01,7.301231605693060400e-01
7.694983167000903901e-01,5.232779031056505881e-01,7.304916209352808609e-01
7.740255544653604769e-01,5.278144330458540701e-01,7.308754899812551775e-01
7.785000412679093929e-01,5.323949343238608689e-01,7.312775698370624911e-01
7.829215328489848025e-01,5.370191100436163545e-01,7.317006405227469701e-01
7.872898057332733401e-01,5.416866518729794855e-01,7.321474586206977442e-01
7.916046576161481774e-01,5.463972402368475478e-01,7.326207559964225124e-01
7.958659077791568892e-01,5.511505444895903327e-01,7.331232385640739091e-01
8.000733975341023374e-01,5.559462230686362805e-01,7.336575850928426235e-01
8.042269906959054193e-01,5.607839236310653286e-01,7.342264460502886392e-01
8.083265740846027336e-01,5.656632831749369705e-01,7.348324424787232578e-01
8.123720580567316274e-01,5.705839281470523883e-01,7.354781649007731126e-01
8.163633770664251443e-01,5.755454745387627025e-01,7.361661722503174410e-01
8.203004902565084189e-01,5.805475279713575576e-01,7.368989908250651588e-01
8.241833820799037147e-01,5.855896837724816617e-01,7.376791132571220988e-01
8.280120629516466435e-01,5.906715270449771626e-01,7.385089974980278971e-01
8.317865699318328643e-01,5.957926327294028601e-01,7.393910658148363790e-01
8.355069674397621604e-01,6.009525656614854716e-01,7.403277037939840488e-01
8.391733479996080769e-01,6.061508806256005188e-01,7.413212593498225145e-01
8.427858330178693569e-01,6.113871224053404330e-01,7.423740417348666520e-01
8.463445735928896152e-01,6.166608258321457647e-01,7.434883205489759561e-01
8.498497513566993788e-01,6.219715158328873450e-01,7.446663247448709333e-01
8.533015793494249657e-01,6.273187074772247351e-01,7.459102416275850134e-01
8.567003029264899094e-01,6.327019060254859273e-01,7.472222158456252039e-01
8.600462006988239816e-01,6.381206069777499712e-01,7.486043483718252123e-01
8.633395855062466762e-01,6.435742961247449268e-01,7.500586954720678268e-01
8.665808054242426506e-01,6.490624496010996003e-01,7.515872676602350921e-01
8.697702448042065049e-01,6.545845339414450015e-01,7.531920286379474305e-01
8.729083253473584048e-01,6.601400061397689756e-01,7.548748942178191701e-01
8.759955072124079312e-01,6.657283137123883865e-01,7.566377312291422408e-01
8.790322901570560843e-01,6.713488947648362792e-01,7.584823564050574563e-01
8.820192147134681138e-01,6.770011780628850673e-01,7.604105352504162418e-01
8.849568633977602516e-01,6.826845831078873772e-01,7.624239808896647874e-01
8.878458619536487850e-01,6.883985202165152639e-01,7.645243528941795264e-01
8.906868806303169794e-01,6.941423906049501991e-01,7.667132560885548953e-01
8.934806354947133489e-01,6.999155864774605496e-01,7.689922393353989527e-01
8.962278897784390352e-01,7.057174911192465316e-01,7.713627942981936547e-01
8.989294552595316068e-01,7.115474789933344812e-01,7.738263541817570479e-01
9.015861936795134257e-01,7.174049158412056926e-01,7.763842924497659226e-01
9.041990181962579198e-01,7.232891587867203986e-01,7.790379215186892248e-01
9.067688948733788612e-01,7.291995564427874443e-01,7.817884914272847929e-01
9.092968442071225343e-01,7.351354490200638914e-01,7.846371884805876107e-01
9.117839426920235635e-01,7.410961684368154723e-01,7.875851338669904722e-01
9.142313244270618977e-01,7.470810384288423256e-01,7.906333822466184991e-01
9.166401827644249378e-01,7.530893746581832637e-01,7.937829203086927965e-01
9.190117720037784821e-01,7.591204848189848642e-01,7.970346652949781285e-01
9.213474091356013140e-01,7.651736687386414548e-01,8.003894634856330015e-01
9.236484756381898586e-01,7.712482184718927325e-01,8.038480886428966965e-01
9.259164193341626881e-01,7.773434183851164470e-01,8.074112404069352378e-01
9.281527563137648151e-01,7.834585452274949180e-01,8.110795426368448968e-01
9.303590729342156029e-01,7.895928681850513664e-01,8.148535416882057847e-01
9.325370279066518275e-01,7.957456489127449073e-01,8.187337046166568433e-01
9.346883544851425363e-01,8.019161415388140757e-01,8.227204172945947747e-01
9.368148627759089742e-01,8.081035926343335118e-01,8.268139824252553893e-01
9.389184421894264387e-01,8.143072411394386423e-01,8.310146174349209991e-01
9.410010640638406532e-01,8.205263182358043528e-01,8.353224522197019164e-01
9.430647844953471415e-01,8.267600471526135308e-01,8.397375267179922886e-01
9.451117474203906133e-01,8.330076428903117058e-01,8.442597882730505932e-01
9.471441880062326790e-01,8.392683118426798039e-01,8.488890887417889219e-01
9.491644364215444662e-01,8.455412512929846303e-01,8.536251812952464491e-01
9.511749220781676728e-01,8.518256487537518851e-01,8.584677168426665395e-01
9.531781784606708774e-01,8.581206811116560695e-01,8.634162399935730869e-01
9.551768486939903324e-01,8.644255135283429592e-01,8.684701844493873946e-01
9.571736920441450414e-01,8.707392980338547472e-01,8.736288676859335078e-01
9.591715916074928794e-01,8.770611717301344257e-01,8.788914847478396242e-01
9.611735635263883859e-01,8.833902544959298941e-01,8.842571009211869226e-01
9.631827681833698973e-01,8.897256460480333917e-01,8.897246429755939490e-01
9.652025239868345929e-01,8.960664221624869974e-01,8.952928885619130250e-01
9.672363245915519547e-01,9.024116297856745739e-01,9.009604532023131052e-01
9.692878607340992270e-01,9.087602806571832836e-01,9.067257740926761844e-01
9.713610483665048312e-01,9.151113429043835623e-01,9.125870896154445466e-01
9.734600655424855420e-01,9.214637298197848603e-01,9.185424129713017916e-01
9.755894017266933949e-01,9.278162846384200302e-01,9.245894975710642338e-01
9.777539251793444519e-01,9.341677594887036751e-01,9.307257905876938908e-01
9.799589774249922725e-01,9.405167855963332268e-01,9.369483689807385218e-01
9.822105097604697521e-01,9.468618298766650065e-01,9.432538486332826544e-01
9.845152878753459236e-01,9.532011294039944849e-01,9.496382504246462242e-01
9.868812128623450919e-01,9.595325879389885460e-01,9.560967935480061408e-01
9.893178550487981004e-01,9.658536027963676718e-01,9.626235572934370710e-01
9.918374132832775691e-01,9.721607518391667258e-01,9.692108828585416225e-01
9.944566366092723042e-01,9.784491625856951424e-01,9.758481938894628671e-01
9.972013660574033933e-01,9.847110115248242090e-01,9.825192535017229778e-01
1.000120934200969369e+00,9.909307330990063667e-01,9.891936156431392346e-01
1.003410877078282581e+00,9.970437826621093569e-01,9.957555575207212017e-01
