1.987250802391268381e-05,1.958680178891895828e-05,1.952928953696901807e-05
3.972590498455158569e-04,3.261017714485406555e-04,2.753740544031064736e-04
1.191465270291427537e-03,9.190132704895889433e-04,7.331165253701673115e-04
2.385878265106802960e-03,1.755735479027172767e-03,1.344078405536124282e-03
3.979685582517968057e-03,2.812272707749152462e-03,2.081384938115695294e-03
5.977303033094684762e-03,4.071543549573133046e-03,2.927157954760799610e-03
8.385722946417307339e-03,5.520081426968704782e-03,3.868570935353139121e-03
1.121343991869360769e-02,7.146624127062228653e-03,4.896081193209688744e-03
1.446991171698011266e-02,8.941384706498932411e-03,6.002480381457260886e-03
1.816524993332966492e-02,1.089562885630846086e-02,7.182324963604728475e-03
2.231002464049950881e-02,1.300141022325108052e-02,8.431567937054745485e-03
2.691513158398542438e-02,1.525139518764034863e-02,9.747307390124389584e-03
3.199169632984093237e-02,1.763874195213722268e-02,1.112760768001361776e-02
3.755100155176555043e-02,2.015701442046214514e-02,1.257136822363167858e-02
4.348365677282674951e-02,2.280011933296811899e-02,1.407822488253292550e-02
4.940493665638354820e-02,2.556225949926802313e-02,1.564847447804171288e-02
5.530606029023419495e-02,2.843789849835684849e-02,1.728301623246569080e-02
6.119078044749743511e-02,3.142173374895501636e-02,1.898330593221056461e-02
6.706222943241577084e-02,3.450867581702220244e-02,2.075131988216860970e-02
7.292302978354556209e-02,3.769383245438129998e-02,2.258952655790867625e-02
7.877538039768619549e-02,4.096177131493499574e-02,2.450086442769897413e-02
8.462112447856418029e-02,4.417263096420854379e-02,2.648872480753921080e-02
9.046180382178575785e-02,4.731968828023221801e-02,2.855693888854451620e-02
9.629870267431492326e-02,5.040558966805058078e-02,3.070976827455324312e-02
1.021328835321695661e-01,5.343275779312250257e-02,3.295189851280063559e-02
1.079652166280543890e-01,5.640342457118376757e-02,3.528843520780276105e-02
1.137964044251427997e-01,5.931965865820838096e-02,3.772490238895099407e-02
1.196270021185126264e-01,6.218338854022863876e-02,4.026724286306688355e-02
1.254574349151347246e-01,6.499642207104552871e-02,4.283831563982700569e-02
1.312880126921381896e-01,6.776046311855024595e-02,4.542458330039046005e-02
1.371189425045248600e-01,7.047712583935483721e-02,4.803242189572553417e-02
1.429503393158891578e-01,7.314794699411783507e-02,5.066524622504441772e-02
1.487822352508353096e-01,7.577439663344842646e-02,5.332632201273124900e-02
1.546145876098166949e-01,7.835788742026747467e-02,5.601877499622450601e-02
1.604472858418488912e-01,8.089978280440107694e-02,5.874559882334631084e-02
1.662801576349016430e-01,8.340140422564731870e-02,6.150966196025060145e-02
1.721129742554837194e-01,8.586403749011875530e-02,6.431371377349295870e-02
1.779454552463261563e-01,8.828893843948124043e-02,6.716038991920361689e-02
1.837772725728839818e-01,9.067733801239824531e-02,7.005221714745907269e-02
1.896080542946347869e-01,9.303044678100588771e-02,7.299161760957581513e-02
1.954373878251688956e-01,9.534945903177310944e-02,7.598091273931786849e-02
2.012648228352138524e-01,9.763555644904262087e-02,7.902232676523590627e-02
2.070898738446579346e-01,9.988991145039397002e-02,8.211798990002946996e-02
2.129120225429224078e-01,1.021136902153749748e-01,8.526994124351247595e-02
2.187307198714542600e-01,1.043080554428051643e-01,8.848013142814201148e-02
2.245453878974560391e-01,1.064741688665085395e-01,9.175042502986693882e-02
2.303554215040589104e-01,1.086131935548458050e-01,9.508260276204391626e-02
2.361601899188398024e-01,1.107262960155921405e-01,9.847836346616289926e-02
2.419590380998009604e-01,1.128146481244537702e-01,1.019393259099816706e-01
2.477512879955642844e-01,1.148794288927302287e-01,1.054670304012345627e-01
2.535362396945053387e-01,1.169218260872288417e-01,1.090629402232575484e-01
2.593131724758291901e-01,1.189430377134715056e-01,1.127284428975593999e-01
2.650813457741214019e-01,1.209442733714242435e-01,1.164648512774756894e-01
2.708400000676102759e-01,1.229267554914237337e-01,1.202734044764916799e-01
2.765883576992996806e-01,1.248917204565954953e-01,1.241552686345702705e-01
2.823256236391737395e-01,1.268404196168493037e-01,1.281115375257890765e-01
2.880509861948440387e-01,1.287741201984917150e-01,1.321432330107352171e-01
2.937636176773049113e-01,1.306941061125392600e-01,1.362513053374084515e-01
2.994626750278348570e-01,1.326016786640009382e-01,1.404366332947757923e-01
3.051473004115334287e-01,1.344981571636629514e-01,1.447000242235923495e-01
3.108166217825194533e-01,1.363848794432522271e-01,1.490422138896281279e-01
3.164697534253867461e-01,1.382632022742968370e-01,1.534638662249950825e-01
3.221057964771615878e-01,1.401345016904878005e-01,1.579655729438336764e-01
3.277238394336813299e-01,1.420001732129103911e-01,1.625478530391843146e-01
3.333229586440339953e-01,1.438616319771420238e-01,1.672111521684261914e-01
3.389022187964505495e-01,1.457203127608834581e-01,1.719558419352044953e-01
3.444606733988323510e-01,1.475776699105278700e-01,1.767822190762706469e-01
3.499973652568997839e-01,1.494351771648577687e-01,1.816905045621516335e-01
3.555113269527850339e-01,1.512943273739022487e-01,1.866808426210068428e-01
3.610015813267440365e-01,1.531566321108719098e-01,1.917532996954432745e-01
3.664671419645293415e-01,1.550236211750463666e-01,1.969078633424455327e-01
3.719070136928722681e-01,1.568968419834624040e-01,2.021444410869079888e-01
3.773201930853882224e-01,1.587778588493311271e-01,2.074628592395703075e-01
3.827056689811717538e-01,1.606682521451878731e-01,2.128628616904202908e-01
3.880624230182349033e-01,1.625696173489597218e-01,2.183441086888586180e-01
3.933894301839045982e-01,1.644835639713325692e-01,2.239061756221266686e-01
3.986856593842104668e-01,1.664117143630799156e-01,2.295485518036440853e-01
4.039500740342572560e-01,1.683557024013301873e-01,2.352706392830463122e-01
4.091816326715139729e-01,1.703171720541455936e-01,2.410717516897868395e-01
4.143792895939190091e-01,1.722977758231968859e-01,2.469511131222369427e-01
4.195419955246474930e-01,1.742991730648301429e-01,2.529078570942340787e-01
4.246686983053614695e-01,1.763230281903367114e-01,2.589410255510048997e-01
4.297583436197026097e-01,1.783710087468517447e-01,2.650495679663512072e-01
4.348098757487742216e-01,1.804447833809122714e-01,2.712323405328866399e-01
4.398222383602981567e-01,1.825460196874043595e-01,2.774881054569839356e-01
4.447943753331060623e-01,1.846763819473186130e-01,2.838155303699262388e-01
4.497252316185632037e-01,1.868375287585007094e-01,2.902131878665471509e-01
4.546137541404945970e-01,1.890311105643204259e-01,2.966795551823770971e-01
4.594588927351098140e-01,1.912587670859943467e-01,3.032130140200349766e-01
4.642596011323792404e-01,1.935221246650759286e-01,3.098118505352412400e-01
4.690148379802348555e-01,1.958227935234271300e-01,3.164742554924476758e-01
4.737235679129129795e-01,1.981623649487735950e-01,3.231983245996308263e-01
4.783847626646482998e-01,2.005424084147188757e-01,3.299820590313177204e-01
4.829974022298709202e-01,2.029644686448324742e-01,3.368233661483525654e-01
4.875604760709196239e-01,2.054300626311455491e-01,3.437200604223389355e-01
4.920729843742004950e-01,2.079406766180436072e-01,3.506698645720338070e-01
4.965339393555854852e-01,2.104977630631595376e-01,3.576704109182882729e-01
5.009423666156984645e-01,2.131027375874127161e-01,3.647192429633619448e-01
5.052973065456123347e-01,2.157569759268145870e-01,3.718138171996639429e-01
5.095978157832800060e-01,2.184618108990608598e-01,3.789515051521072930e-01
5.138429687208827534e-01,2.212185293982217860e-01,3.861295956573788657e-01
5.180318590630639264e-01,2.240283694310757356e-01,3.933452973824842491e-01
5.221636014358110867e-01,2.268925172087352116e-01,4.005957415839438984e-01
5.262373330455452081e-01,2.298121043072330894e-01,4.078779851079968322e-01
5.302522153877117228e-01,2.327882049106669293e-01,4.151890136311104929e-01
5.342074360039485992e-01,2.358218331502913712e-01,4.225257451390063701e-01
5.381022102866299672e-01,2.389139405526620741e-01,4.298850336412975981e-01
5.419357833292852700e-01,2.420654136095722331e-01,4.372636731176977043e-01
5.457074318211498909e-01,2.452770714819824116e-01,4.446584016906192649e-01
5.494164659837607045e-01,2.485496638496221822e-01,4.520659060178008892e-01
5.530622315472041306e-01,2.518838689172347434e-01,4.594828258974723023e-01
5.566441117633242897e-01,2.552802915877090961e-01,4.669057590773811328e-01
5.601615294528400346e-01,2.587394618115179123e-01,4.743312662578813010e-01
5.636139490829839005e-01,2.622618331210050946e-01,4.817558762781627979e-01
5.670008788719554937e-01,2.658477813571138437e-01,4.891760914735903687e-01
5.703218729161053657e-01,2.694976035951764382e-01,4.965883931910827775e-01
5.735765333354263529e-01,2.732115172753571408e-01,5.039892474484393148e-01
5.767645124325775363e-01,2.769896595422968177e-01,5.113751107225585901e-01
5.798855148603375698e-01,2.808320867974219426e-01,5.187424358505958732e-01
5.829392997919964348e-01,2.847387744663411047e-01,5.260876780272708553e-01
5.859256830888996959e-01,2.887096169826339209e-01,5.334073008807839189e-01
5.888445394590186011e-01,2.927444279882993050e-01,5.406977826091002859e-01
5.916958046000814209e-01,2.968429407500698947e-01,5.479556221578015807e-01
5.944794773205327454e-01,3.010048087897572722e-01,5.551773454201867075e-01
5.971956216312612753e-01,3.052296067258223333e-01,5.623595114399059236e-01
5.998443688007912833e-01,3.095168313223730094e-01,5.694987185961380982e-01
6.024259193663672463e-01,3.138659027408925994e-01,5.765916107511103172e-01
6.049405450931343298e-01,3.182761659891120143e-01,5.836348833396995950e-01
6.073885908733994698e-01,3.227468925606293282e-01,5.906252893808884297e-01
6.097704765577912633e-01,3.272772822580952701e-01,5.975596453909836070e-01
6.120866987099597978e-01,3.318664651920769648e-01,6.044348371787956475e-01
6.143378322763413113e-01,3.365135039470517619e-01,6.112478255033237939e-01
6.165245321624083230e-01,3.412173959053939054e-01,6.179956515749994717e-01
6.186475347067500463e-01,3.459770757196725111e-01,6.246754423821262447e-01
6.207076590442895947e-01,3.507914179231234053e-01,6.312844158248516191e-01
6.227058083499511509e-01,3.556592396677298873e-01,6.378198856398223926e-01
6.246429709540785025e-01,3.605793035790236245e-01,6.442792660995543264e-01
6.265202213210255833e-01,3.655503207164115254e-01,6.506600764715293472e-01
6.283387208823446590e-01,3.705709536276423632e-01,6.569599452231241754e-01
6.300997187162268309e-01,3.756398194858348583e-01,6.631766139595830500e-01
6.318045520649085978e-01,3.807554932974264728e-01,6.693079410834821275e-01
6.334546466820423216e-01,3.859165111693278472e-01,6.753519051653702476e-01
6.350515170021900913e-01,3.911213736236170413e-01,6.813066080166075844e-01
6.365967661249176679e-01,3.963685489481534319e-01,6.871702774567615135e-01
6.380920856062395341e-01,4.016564765716424956e-01,6.929412697692983736e-01
6.395392550505215601e-01,4.069835704518419695e-01,6.986180718407156709e-01
6.409401414963260546e-01,4.123482224658320816e-01,7.041993029796593806e-01
6.422966985900948611e-01,4.177488057915559883e-01,7.096837164139911946e-01
6.436109655420332309e-01,4.231836782701340893e-01,7.150702004651482424e-01
6.448850658590575824e-01,4.286511857388285995e-01,7.203577794005421309e-01
6.461212058501959454e-01,4.341496653249216076e-01,7.255456139660678705e-01
6.473216729004416248e-01,4.396774486911994018e-01,7.306330016021239659e-01
6.484888335096647971e-01,4.452328652241958618e-01,7.356193763478039438e-01
6.496251310938875312e-01,4.508142451568349363e-01,7.405043084391367270e-01
6.507330835469254948e-01,4.564199226176230417e-01,7.452875036084006810e-01
6.518152805612139611e-01,4.620482385990726804e-01,7.499688020926428278e-01
6.528743807074137706e-01,4.676975438385836958e-01,7.545481773605278164e-01
6.539131082733115052e-01,4.733662016055866784e-01,7.590257345676045819e-01
6.549342498634362908e-01,4.790525903892942083e-01,7.634017087509247235e-01
6.559406507618050775e-01,4.847551064820139755e-01,7.676764627747351133e-01
6.569352110612357576e-01,4.904721664535459102e-01,7.718504850396511463e-01
6.579208815637785923e-01,4.962022095127544552e-01,7.759243869683317696e-01
6.589006594579087661e-01,5.019436997530094535e-01,7.798989002811848037e-01
6.598775837793628973e-01,5.076951282787340869e-01,7.837748740760633881e-01
6.608547306636779473e-01,5.134550152108717791e-01,7.875532717262662130e-01
6.618352083997879332e-01,5.192219115696313780e-01,7.912351676113887899e-01
6.628221522953267053e-01,5.249944010333941202e-01,7.948217436957627502e-01
6.638187193655935570e-01,5.307711015731971793e-01,7.983142859692980986e-01
6.648280828594967939e-01,5.365506669626813885e-01,8.017141807655536745e-01
6.658534266371245458e-01,5.423317881638908267e-01,8.050229109718035625e-01
6.668979394149502360e-01,5.481131945897413926e-01,8.082420521457203133e-01
6.679648088959447838e-01,5.538936552444204686e-01,8.113732685530884448e-01
6.690572158032485062e-01,5.596719797433695742e-01,8.144183091407120045e-01
6.701783278372227537e-01,5.654470192148716157e-01,8.173790034583264807e-01
6.713312935768822598e-01,5.712176670856377037e-01,8.202572575429826207e-01
6.725192363478562640e-01,5.769828597530726189e-01,8.230550497788949871e-01
6.737452480799633880e-01,5.827415771472165273e-01,8.257744267453338560e-01
6.750123831783864103e-01,5.884928431856060183e-01,8.284174990645815084e-01
6.763236524331704969e-01,5.942357261245521105e-01,8.309864372614728101e-01
6.776820169923850612e-01,5.999693388105057368e-01,8.334834676454443425e-01
6.790903824246450338e-01,6.056928388354015924e-01,8.359108682254561273e-01
6.805515928969858575e-01,6.114054285999956928e-01,8.382709646675110537e-01
6.820684254940818647e-01,6.171063552893468751e-01,8.405661263039126974e-01
6.836435847046652414e-01,6.227949107646861826e-01,8.427987622027488523e-01
6.852796971005333804e-01,6.284704313760255401e-01,8.449713173054722581e-01
6.869793062330188382e-01,6.341322976998584604e-01,8.470862686398205055e-01
6.887448677708362110e-01,6.397799342063935635e-01,8.491461216146780622e-01
6.905787449022373625e-01,6.454128088607370417e-01,8.511534064028920543e-01
6.924832040230276542e-01,6.510304326624464233e-01,8.531106744174127288e-01
6.944604107305220042e-01,6.566323591278565575e-01,8.550204948855697484e-01
6.965124261417773299e-01,6.622181837195243448e-01,8.568854515257036120e-01
6.986412035524729447e-01,6.677875432271040967e-01,8.587081393298137133e-01
7.008485854507960910e-01,6.733401151038672650e-01,8.604911614553597543e-01
7.031363008983243512e-01,6.788756167630320970e-01,8.622371262288399674e-01
7.055059632876148346e-01,6.843938048379367700e-01,8.639486442632776653e-01
7.079590684836389869e-01,6.898944744100367066e-01,8.656283256913016588e-01
7.104969933536723348e-01,6.953774582085409106e-01,8.672787775150611056e-01
7.131209946876273520e-01,7.008426257854394326e-01,8.689026010738333250e-01
7.158322085081686437e-01,7.062898826695140908e-01,8.705023896297934272e-01
7.186316497673460590e-01,7.117191695028178833e-01,8.720807260720804255e-01
7.215202124239005199e-01,7.171304611629747416e-01,8.736401807390078433e-01
7.244986698928701507e-01,7.225237658745303770e-01,8.751833093579499678e-01
7.275676758567742874e-01,7.278991243124314225e-01,8.767126511022281798e-01
7.307277654252923860e-01,7.332566087006190392e-01,8.782307267641018544e-01
7.339793566283394632e-01,7.385963219085543985e-01,8.797400370427833627e-01
7.373227522253186228e-01,7.439183965484132965e-01,8.812430609462670317e-01
7.407581418117440419e-01,7.492229940755164019e-01,8.827422543056545612e-01
7.442856042026596564e-01,7.545103038945120133e-01,8.842400484005922268e-01
7.479051100710536470e-01,7.597805424736522317e-01,8.857388486943935657e-01
7.516165248181978509e-01,7.650339524694659277e-01,8.872410336774522177e-01
7.554196116519307225e-01,7.702708018640027632e-01,8.887489538175749049e-01
7.593140348481662860e-01,7.754913831167532523e-01,8.902649306159788889e-01
7.632993631702941206e-01,7.806960123333069879e-01,8.917912557678312480e-01
7.673750734208614199e-01,7.858850284527101326e-01,8.933301904264078219e-01
7.715405540996225220e-01,7.910587924555091410e-01,8.948839645701920364e-01
7.757951091421027012e-01,7.962176865943980664e-01,8.964547764725768753e-01
7.801379617128121335e-01,8.013621136494264441e-01,8.980447922741894295e-01
7.845682580274885298e-01,8.064924962097396177e-01,8.996561456583765937e-01
7.890850711789575422e-01,8.116092759838853254e-01,9.012909376309375942e-01
7.936874049415058030e-01,8.167129131408221721e-01,9.029512364059020246e-01
7.983741975288914938e-01,8.218038856839006145e-01,9.046390773999927193e-01
8.031443252814004508e-01,8.268826888602559544e-01,9.063564633394158854e-01
8.079966062573796792e-01,8.319498346083302742e-01,9.081053644838468220e-01
8.129298037047030245e-01,8.370058510465175905e-01,9.098877189739593696e-01
8.179426293872588127e-01,8.420512820063598136e-01,9.117054333106350272e-01
8.230337467409239993e-01,8.470866866142257035e-01,9.135603829762061201e-01
8.282017738324437550e-01,8.521126389260395007e-01,9.154544132107644838e-01
8.334452860929338902e-01,8.571297276204586923e-01,9.173893399599439835e-01
8.387628187953526382e-01,8.621385557569256619e-01,9.193669510147455259e-01
8.441528692419039137e-01,8.671397406063298119e-01,9.213890073692310168e-01
8.496138986226807743e-01,8.721339135636714257e-01,9.234572448285568447e-01
8.551443335005818325e-01,8.771217201542523823e-01,9.255733759083368817e-01
8.607425668689847598e-01,8.821038201476814056e-01,9.277390920772873306e-01
8.664069587172718023e-01,8.870808877975088214e-01,9.299560664094038698e-01
8.721358360239116481e-01,8.920536122290122494e-01,9.322259567307898953e-01
8.779274920759094769e-01,8.970226980038359388e-01,9.345504093713361549e-01
8.837801849852278124e-01,9.019888658984559493e-01,9.369310636653701563e-01
8.896921352336565336e-01,9.069528539447548887e-01,9.393695573917569819e-01
8.956615220235798480e-01,9.119154187964397806e-01,9.418675334083138617e-01
9.016864781355796721e-01,9.168773375067543752e-01,9.444266478262878239e-01
9.077650828843490949e-01,9.218394098338132947e-01,9.470485802012341692e-01
9.138953526043546161e-01,9.268024612347495195e-01,9.497350464081216748e-01
9.200752278579440446e-01,9.317673467764451267e-01,9.524878151555747907e-01
9.263025561932004548e-01,9.367349562920788131e-01,9.553087295357000075e-01
9.325750687038926179e-01,9.417062212716290626e-01,9.581997357046619923e-01
9.388903477086857352e-01,9.466821242318094187e-01,9.611629219322211926e-01
9.452457812868476639e-01,9.516637117439009641e-01,9.642005732012376429e-01
9.516384976153119402e-01,9.566521130598178990e-01,9.673152499928739934e-01
9.580652668439987307e-01,9.616485676917568837e-01,9.705099063772563150e-01
9.645223478720202914e-01,9.666544681070715628e-01,9.737880755276778766e-01
9.710052349483314638e-01,9.716714297430882885e-01,9.771541790747660938e-01
9.775082050173843351e-01,9.767014150238902959e-01,9.806140852753014725e-01
9.840234164435744946e-01,9.817469781602680134e-01,9.841762330792872548e-01
9.905387918984297491e-01,9.868118349961886304e-01,9.878543059513998914e-01
9.970313487446832434e-01,9.919026405340626296e-01,9.916757744063121605e-01
1.003410877078282581e+00,9.970437826621093569e-01,9.957555575207212017e-01
