1.987250802391268381e-05,1.958680178891895828e-05,1.952928953696901807e-05
3.147093743269150984e-04,3.475854076172499307e-04,3.811056987630503153e-04
8.721313455378155392e-04,1.002479832063043813e-03,1.137841987493858498e-03
1.647050071722188031e-03,1.949470407100377303e-03,2.273195076922186492e-03
2.614974979174186122e-03,3.171063932994662004e-03,3.786698337940721647e-03
3.759648305908826031e-03,4.655857981177933397e-03,5.683499406055206662e-03
5.069421940159624801e-03,6.395489362927043314e-03,7.971700631687695174e-03
6.535673629170112367e-03,8.383352225466036631e-03,1.066128021601598329e-02
8.151973380291248003e-03,1.061394209853179851e-02,1.376355263033539507e-02
9.913592898488662528e-03,1.308247732825330856e-02,1.729086083039067800e-02
1.181719446924563155e-02,1.578466178170558412e-02,2.125638306576568826e-02
1.386062284837244127e-02,1.871652679066787908e-02,2.567400192426369521e-02
1.604276045955734670e-02,2.187432085022306127e-02,3.055820946860673612e-02
1.836342358606072450e-02,2.525442975908511259e-02,3.592403427833820717e-02
2.082328621610334690e-02,2.885331707067773088e-02,4.175204773987063050e-02
2.342382315838857990e-02,3.266747862481517856e-02,4.764953727848057069e-02
2.616726693672216664e-02,3.669340717015064091e-02,5.354311984486697512e-02
2.905657473867502560e-02,4.091790937579555670e-02,5.943712508504604003e-02
3.209540281320420740e-02,4.512262188025138038e-02,6.533522778821740373e-02
3.528808644583754373e-02,4.926841121626642644e-02,7.124055616787092204e-02
3.863962413432293908e-02,5.335791781065057221e-02,7.715577574707488395e-02
4.210681774421796281e-02,5.739340843001867337e-02,8.308315522285258936e-02
4.555913462181305357e-02,6.137683412611525530e-02,8.902461880132039873e-02
4.900811424977690595e-02,6.530987725421547041e-02,9.498178822823918899e-02
5.245843271421578996e-02,6.919399004791509933e-02,1.009560168694136617e-01
5.591449871178973824e-02,7.303042659307801276e-02,1.069484175865086095e-01
5.938047680237366205e-02,7.682026958710025388e-02,1.129598857206300933e-01
6.286030605927092618e-02,8.056445293915731609e-02,1.189911181830400067e-01
6.635771506156448729e-02,8.426378102455023278e-02,1.250426294230936042e-01
6.987623397400882785e-02,8.791894522595283812e-02,1.311147648733602400e-01
7.341920430856641033e-02,9.153053825873300187e-02,1.372077123441640123e-01
7.698978684518192894e-02,9.509906667438472461e-02,1.433215117428391083e-01
8.059096809847193787e-02,9.862496185686583927e-02,1.494560634186698767e-01
8.422556564515323863e-02,1.021085897651836938e-01,1.556111353769637495e-01
8.789623256949455343e-02,1.055502596274793536e-01,1.617863695607893171e-01
9.160546123749718772e-02,1.089502317539116916e-01,1.679812873635505577e-01
9.535558657235404523e-02,1.123087246054486066e-01,1.741952945074995984e-01
9.914878897220161247e-02,1.156259212314766638e-01,1.804276854008509401e-01
1.029870969848576123e-01,1.189019751696037686e-01,1.866776470680807098e-01
1.068723898321790877e-01,1.221370158851363963e-01,1.929442627333287363e-01
1.108063998580216258e-01,1.253311538147179049e-01,1.992265151248379662e-01
1.147907149580522368e-01,1.284844850678889538e-01,2.055232895585039077e-01
1.188267810362879096e-01,1.315970958314513772e-01,2.118333768504369607e-01
1.229159045219630486e-01,1.346690665141001553e-01,2.181554761016178401e-01
1.270592549708051966e-01,1.377004756625622439e-01,2.244881973919861107e-01
1.312578677668219673e-01,1.406914036752190955e-01,2.308300644164394400e-01
1.355126469340639239e-01,1.436419363347324618e-01,2.371795170910572792e-01
1.398243680623896812e-01,1.465521681773656326e-01,2.435349141542811346e-01
1.441936813468233380e-01,1.494222057134248771e-01,2.498945357846525939e-01
1.486211147365932572e-01,1.522521705104099565e-01,2.562565862539765704e-01
1.531070771872145297e-01,1.550422021480102608e-01,2.626191966323357940e-01
1.576518620069337073e-01,1.577924610519440551e-01,2.689804275592004301e-01
1.622556502874032691e-01,1.605031312117727593e-01,2.753382720929110627e-01
1.669185144074924465e-01,1.631744227861772478e-01,2.816906586489923425e-01
1.716404215986255810e-01,1.658065745977405081e-01,2.880354540361028670e-01
1.764212375598080973e-01,1.683998565180250540e-01,2.943704665968643330e-01
1.812607301106439472e-01,1.709545717425977329e-01,3.006934494593646590e-01
1.861585728708988752e-01,1.734710589546953896e-01,3.070021039037427735e-01
1.911143489556865194e-01,1.759496943753557641e-01,3.132940828469653050e-01
1.961275546759411736e-01,1.783908936970923509e-01,3.195669944476360880e-01
2.011976032345038634e-01,1.807951138975615046e-01,3.258184058314912979e-01
2.063238284089133900e-01,1.831628549291172137e-01,3.320458469370603516e-01
2.115054882127307412e-01,1.854946612796976868e-01,3.382468144798622678e-01
2.167417685279816042e-01,1.877911234001338470e-01,3.444187760324229908e-01
2.220317867020309976e-01,1.900528789926875239e-01,3.505591742163561841e-01
2.273745951029273460e-01,1.922806141554312676e-01,3.566654310017426388e-01
2.327691846278827081e-01,1.944750643769831422e-01,3.627349521080786010e-01
2.382144881601844788e-01,1.966370153760741424e-01,3.687651315001264640e-01
2.437093839703837195e-01,1.987673037804839060e-01,3.747533559711249684e-01
2.492526990580980484e-01,2.008668176400176253e-01,3.806970098049605178e-01
2.548432124312158820e-01,2.029364967684141874e-01,3.865934795081133468e-01
2.604796583196784532e-01,2.049773329093734220e-01,3.924401586014423238e-01
2.661607293213413272e-01,2.069903697222751915e-01,3.982344524611792780e-01
2.718850794777290525e-01,2.089767025836188341e-01,4.039737831978728599e-01
2.776513272777208496e-01,2.109374782007538696e-01,4.096555945614340222e-01
2.834580585874360015e-01,2.128738940350957121e-01,4.152773568599470444e-01
2.893038295047594688e-01,2.147871975327039218e-01,4.208365718794354060e-01
2.951871691370872575e-01,2.166786851608846209e-01,4.263307777914299712e-01
3.011065823010282694e-01,2.185497012503033742e-01,4.317575540348561058e-01
3.070605521428882434e-01,2.204016366430091578e-01,4.371145261585556163e-01
3.130475426788788540e-01,2.222359271477290510e-01,4.423993706105894264e-01
3.190660012540653678e-01,2.240540518048312335e-01,4.476098194604111735e-01
3.251143609192023720e-01,2.258575309643905960e-01,4.527436650400041285e-01
3.311910427246363975e-01,2.276479241819475696e-01,4.577987644901644892e-01
3.372944579305862112e-01,2.294268279376501241e-01,4.627730441982838561e-01
3.434230101332041984e-01,2.311958731856539329e-01,4.676645041142301618e-01
3.495750973058971978e-01,2.329567227418322672e-01,4.724712219312610650e-01
3.557491137555368610e-01,2.347110685189933710e-01,4.771913571192956671e-01
3.619434519932536176e-01,2.364606286200002239e-01,4.818231547983595209e-01
3.681565045197067176e-01,2.382071443002674038e-01,4.863649494405605789e-01
3.743866655247840569e-01,2.399523768122455158e-01,4.908151683895687900e-01
3.806323325018955428e-01,2.416981041454925871e-01,4.951723351872642787e-01
3.868919077771365012e-01,2.434461176769194268e-01,4.994350726979419064e-01
3.931637999537885286e-01,2.451982187466504870e-01,5.036021060212676481e-01
3.994464252727711329e-01,2.469562151757236923e-01,5.076722651860204882e-01
4.057382088898541239e-01,2.487219177425059602e-01,5.116444876175361145e-01
4.120375860706074200e-01,2.504971366352347073e-01,5.155178203727011077e-01
4.183430033042402352e-01,2.522836778984898221e-01,5.192914221372872952e-01
4.246529193376809563e-01,2.540833398916391150e-01,5.229645649814083086e-01
4.309658061314171063e-01,2.558979097773872446e-01,5.265366358698635452e-01
4.372801497387925895e-01,2.577291600584898368e-01,5.300071379251440895e-01
4.435944511106350574e-01,2.595788451804312280e-01,5.333756914419004458e-01
4.499072268272558683e-01,2.614486982174650809e-01,5.366420346526428187e-01
4.562170097600263818e-01,2.633404276588142690e-01,5.398060242454922886e-01
4.625223496648682153e-01,2.652557143110922389e-01,5.428676356357342581e-01
4.688218137101583527e-01,2.671962083320832959e-01,5.458269629939228595e-01
4.751139869416652339e-01,2.691635264099572766e-01,5.486842190341958414e-01
4.813974726872435883e-01,2.711592491008010808e-01,5.514397345673643924e-01
4.876708929041311813e-01,2.731849183360068878e-01,5.540939578242045638e-01
4.939328884717635870e-01,2.752420351096395157e-01,5.566474535551861891e-01
5.001821194331121934e-01,2.773320573543451295e-01,5.591009019136450320e-01
5.064172651875975539e-01,2.794563980128011993e-01,5.614550971301245363e-01
5.126370246386723339e-01,2.816164233100231229e-01,5.637109459862658101e-01
5.188401162992123394e-01,2.838134512301778711e-01,5.658694660972246604e-01
5.250252783578418514e-01,2.860487501998743021e-01,5.679317840121457239e-01
5.311912687093562901e-01,2.883235379781974306e-01,5.698991331426879192e-01
5.373368649523410090e-01,2.906389807521735369e-01,5.717728515300168901e-01
5.434608643571062769e-01,2.929961924347047053e-01,5.735543794610222790e-01
5.495620838069876779e-01,2.953962341605797515e-01,5.752452569448102127e-01
5.556393597160159681e-01,2.978401139747137716e-01,5.768471210607205579e-01
5.616915479259080302e-01,3.003287867054916238e-01,5.783617031892883675e-01
5.677175235852360835e-01,3.028631540149291368e-01,5.797908261376513162e-01
5.737161810135833484e-01,3.054440646162977502e-01,5.811364011709203581e-01
5.796864335533764567e-01,3.080723146489897646e-01,5.824004249610109651e-01
5.856272134119979711e-01,3.107486481996475924e-01,5.835849764643356030e-01
5.915374714967005509e-01,3.134737579579696121e-01,5.846922137395847985e-01
5.974161772447157404e-01,3.162482859951785685e-01,5.857243707166688296e-01
6.032623184508502101e-01,3.190728246528341527e-01,5.866837539275815416e-01
6.090749010947708042e-01,3.219479175295158480e-01,5.875727392096895541e-01
6.148529491700377436e-01,3.248740605529013559e-01,5.883937683915801964e-01
6.205955045168618511e-01,3.278517031248732727e-01,5.891493459712218161e-01
6.263016266604461979e-01,3.308812493275253286e-01,5.898420357957724347e-01
6.319703926566533347e-01,3.339630591782959956e-01,5.904744577518945547e-01
6.376008969466501197e-01,3.370974499228897581e-01,5.910492844749716257e-01
6.431922512220671351e-01,3.402846973551846288e-01,5.915692380850854359e-01
6.487435843021265303e-01,3.435250371539186887e-01,5.920370869570862338e-01
6.542540420240777754e-01,3.468186662266153908e-01,5.924556425315269381e-01
6.597227871482175265e-01,3.501657440519048703e-01,5.928277561726615907e-01
6.651489992786580041e-01,3.535663940121406279e-01,5.931563160791164524e-01
6.705318748009502228e-01,3.570207047089797858e-01,5.934442442522517291e-01
6.758706268375914705e-01,3.605287312553396295e-01,5.936944935266337264e-01
6.811644852223698310e-01,3.640904965379460068e-01,5.939100446664198341e-01
6.864126964944404774e-01,3.677059924454250117e-01,5.940939035308762106e-01
6.916145239129833922e-01,3.713751810576367829e-01,5.942490983116194281e-01
6.967692474932256630e-01,3.750979957926752761e-01,5.943786768436059020e-01
7.018761640645737598e-01,3.788743425086348315e-01,5.944857039912858632e-01
7.069345873515541223e-01,3.827041005578975530e-01,5.945732591107769638e-01
7.119438480782531720e-01,3.865871237923007020e-01,5.946444335883348531e-01
7.169032940968597112e-01,3.905232415181182359e-01,5.947023284548709210e-01
7.218122905409569690e-01,3.945122594002970495e-01,5.947500520757303955e-01
7.266702200041361692e-01,3.985539603158714805e-01,5.947907179144203971e-01
7.314764827445031647e-01,4.026481051569071878e-01,5.948274423685315782e-01
7.362304969156414636e-01,4.067944335836972125e-01,5.948633426755929321e-01
7.409316988245803204e-01,4.109926647292705404e-01,5.949015348861923513e-01
7.455795432172813708e-01,4.152424978565694702e-01,5.949451319012813988e-01
7.501735035921938133e-01,4.195436129698892902e-01,5.949972415702099449e-01
7.547130725423798481e-01,4.238956713823816003e-01,5.950609648456776091e-01
7.591977621267282927e-01,4.282983162416041933e-01,5.951393939915001763e-01
7.636271042707684087e-01,4.327511730152110991e-01,5.952356108387998335e-01
7.680006511975636663e-01,4.372538499390110078e-01,5.953526850859813813e-01
7.723179758892187996e-01,4.418059384296509351e-01,5.954936726376811595e-01
7.765786725794351364e-01,4.464070134642807441e-01,5.956616139776750307e-01
7.807823572776463328e-01,4.510566339295256078e-01,5.958595325706474988e-01
7.849286683251496255e-01,4.557543429421436199e-01,5.960904332876172385e-01
7.890172669837347552e-01,4.604996681436817618e-01,5.963573008497791150e-01
7.930478380572000274e-01,4.652921219714687973e-01,5.966630982855440912e-01
7.970200905462098140e-01,4.701312019081858584e-01,5.970107653955785132e-01
8.009337583368657532e-01,4.750163907122447182e-01,5.974032172207605074e-01
8.047886009233518045e-01,4.799471566311223625e-01,5.978433425080794672e-01
8.085844041650022129e-01,4.849229535997335305e-01,5.983340021697136635e-01
8.123209810780570583e-01,4.899432214258687135e-01,5.988780277307088618e-01
8.159981726623790621e-01,4.950073859646187402e-01,5.994782197609606067e-01
8.196158487632978495e-01,5.001148592836741624e-01,6.001373462875019271e-01
8.231739089687355460e-01,5.052650398212695793e-01,6.008581411834273966e-01
8.266722835416847603e-01,5.104573125385012400e-01,6.016433025301834991e-01
8.301109343880200830e-01,5.156910490676528402e-01,6.024954909503296152e-01
8.334898560595831452e-01,5.209656078581009764e-01,6.034173279083542285e-01
8.368090767923346274e-01,5.262803343213099394e-01,6.044113939775657141e-01
8.400686595793273037e-01,5.316345609763516444e-01,6.054802270715861079e-01
8.432687032781067682e-01,5.370276075973201557e-01,6.066263206394910679e-01
8.464093437520247010e-01,5.424587813639866196e-01,6.078521218241430546e-01
8.494907550448538291e-01,5.479273770169343916e-01,6.091600295838303092e-01
8.525131505879145477e-01,5.534326770184223587e-01,6.105523927778457871e-01
8.554767844387916043e-01,5.589739517201307573e-01,6.120315082171816634e-01
8.583819525505684833e-01,5.645504595389333469e-01,6.135996186820673604e-01
8.612289940702853031e-01,5.701614471417982832e-01,6.152589109085859764e-01
8.640182926652069106e-01,5.758061496408556357e-01,6.170115135471155865e-01
8.667502778752119719e-01,5.814837907996931454e-01,6.188594950958336005e-01
8.694254264894794026e-01,5.871935832518444531e-01,6.208048618129742291e-01
8.720442639453499512e-01,5.929347287324646665e-01,6.228495556119513221e-01
8.746073657470628815e-01,5.987064183241298521e-01,6.249954519438442047e-01
8.771153589017777197e-01,6.045078327176709454e-01,6.272443576720985181e-01
8.795689233700515475e-01,6.103381424889442464e-01,6.295980089445671890e-01
8.819687935276497859e-01,6.161965083924035858e-01,6.320580690682822134e-01
8.843157596353110605e-01,6.220820816723084956e-01,6.346261263925355722e-01
8.866106693127391303e-01,6.279940043923989412e-01,6.373036922059662768e-01
8.888544290128550518e-01,6.339314097848020024e-01,6.400921986534464647e-01
8.910480054919609483e-01,6.398934226189428864e-01,6.429929966785735695e-01
8.931924272711956325e-01,6.458791595911737016e-01,6.460073539975091927e-01
8.952887860842900780e-01,6.518877297358072198e-01,6.491364531098348101e-01
8.973382383063148726e-01,6.579182348582074402e-01,6.523813893519014862e-01
8.993420063578128065e-01,6.639697699905202644e-01,6.557431689979417166e-01
9.013013800782769813e-01,6.700414238706194903e-01,6.592227074139173082e-01
9.032177180627136703e-01,6.761322794447446327e-01,6.628208272687539093e-01
9.050924489546241514e-01,6.822414143942829856e-01,6.665382568071974712e-01
9.069270726884681721e-01,6.883679016870514200e-01,6.703756281880972612e-01
9.087231616743572937e-01,6.945108101533846723e-01,6.743334758914094618e-01
9.104823619174625682e-01,7.006692050872321831e-01,6.784122351966692666e-01
9.122063940643541091e-01,7.068421488723988233e-01,6.826122407350715404e-01
9.138970543682946035e-01,7.130287016339424966e-01,6.869337251166561797e-01
9.155562155653513834e-01,7.192279219146455738e-01,6.913768176333769944e-01
9.171858276530340248e-01,7.254388673763523254e-01,6.959415430380829770e-01
9.187879185631719903e-01,7.316605955258266292e-01,7.006278203986034958e-01
9.203645947206943179e-01,7.378921644646533329e-01,7.054354620252578645e-01
9.219180414801948498e-01,7.441326336625061488e-01,7.103641724691188708e-01
9.234505234322680778e-01,7.503810647529853828e-01,7.154135475873151240e-01
9.249643845720412205e-01,7.566365223509631255e-01,7.205830736704746942e-01
9.264620483228016568e-01,7.628980748901891262e-01,7.258721266261148886e-01
9.279460174082549972e-01,7.691647954796621001e-01,7.312799712103028593e-01
9.294188735678862168e-01,7.754357627769616901e-01,7.368057602982589493e-01
9.308832771109890603e-01,7.817100618764425413e-01,7.424485341826313478e-01
9.323419663063476914e-01,7.879867852098112468e-01,7.482072198859617274e-01
9.337977566063149215e-01,7.942650334561908165e-01,7.540806304712234232e-01
9.352535397062238243e-01,8.005439164582792699e-01,7.600674643312108625e-01
9.367122824427160932e-01,8.068225541406446322e-01,7.661663044338473672e-01
9.381770255379011658e-01,8.131000774254916186e-01,7.723756174959581777e-01
9.396508822002108685e-01,8.193756291404409309e-01,7.786937530525895879e-01
9.411370365978914965e-01,8.256483649118295798e-01,7.851189423821897106e-01
9.426387422270562366e-01,8.319174540358541536e-01,7.916492972396149685e-01
9.441593202039471056e-01,8.381820803183163138e-01,7.982828083384365669e-01
9.457021575204248576e-01,8.444414428718525212e-01,8.050173435108156639e-01
9.472707053137073840e-01,8.506947568570683016e-01,8.118506454564082819e-01
9.488684772165306702e-01,8.569412541508911740e-01,8.187803289701174325e-01
9.504990478733291726e-01,8.631801839213644190e-01,8.258038775104742379e-01
9.521660517334343821e-01,8.694108130827212788e-01,8.329186389336288299e-01
9.538731822655323045e-01,8.756324265973821630e-01,8.401218201691008636e-01
9.556241917821527432e-01,8.818443275817708926e-01,8.474104805478638314e-01
9.574228921232804668e-01,8.880458371594187605e-01,8.547815234040857524e-01
9.592731565314077669e-01,8.942362939860679649e-01,8.622316854484931570e-01
9.611789231670365696e-01,9.004150533448794791e-01,8.697575232381773436e-01
9.631442008807861166e-01,9.065814856712927083e-01,8.773553958201046887e-01
9.651730781026112149e-01,9.127349743101641488e-01,8.850214422645867884e-01
9.672697360742238404e-01,9.188749122218970999e-01,8.927515522665641079e-01
9.694384682127880071e-01,9.250006972210952361e-01,9.005413271691199428e-01
9.716837082828063688e-01,9.311117251190631494e-01,9.083860274675358282e-01
9.740100715076270843e-01,9.372073797917264137e-01,9.162805007436984894e-01
9.764224152254464828e-01,9.432870185958848186e-01,9.242190804167358387e-01
9.789259300961926646e-01,9.493499504844885584e-01,9.321954393937595951e-01
9.815262811336299409e-01,9.553954021451206424e-01,9.402023709436704291e-01
9.842298344265040244e-01,9.614224633948004195e-01,9.482314456751815834e-01
9.870440415615958640e-01,9.674299940957266086e-01,9.562724427630348023e-01
9.899781414178446814e-01,9.734164529773091656e-01,9.643123313770468608e-01
9.930445848381056484e-01,9.793795470106277934e-01,9.723332379803787395e-01
9.962624416657838156e-01,9.853153841502687582e-01,9.803076617118607894e-01
9.996683248709884451e-01,9.912157242869309437e-01,9.881833725177006089e-01
1.003410877078282581e+00,9.970437826621093569e-01,9.957555575207212017e-01
