0.61487387413995,0.5976436607706381,0.2910629767832295
0.6107958557057095,0.5920951707557975,0.2934373519297675
0.6067234556249403,0.586566240805182,0.2956964983675317
0.6026557238340856,0.5810568480720539,0.29784741341008003
0.5985935044118451,0.5755665929071607,0.299890092358989
0.5945368938716797,0.5700964669754337,0.3018318886062517
0.5904845841198023,0.5646440618056002,0.3036707483423911
0.5864369639433759,0.5592102553528301,0.3054135469052655
0.5823941649312955,0.553794846683071,0.30706135667957013
0.5783566667660115,0.5483974892537825,0.3086151697005522
0.5743235908110422,0.5430181344187335,0.31008044848100846
0.5702957518966352,0.537656380525497,0.311456460608092
0.5662722900950872,0.5323121704318509,0.3127483684596229
0.5622549348520305,0.52698612915252,0.3139562288456464
0.5582410793554341,0.5216760937269069,0.31508315119856656
0.5542318715677842,0.5163828435070208,0.3161305423163069
0.5502277766388444,0.5111060187631182,0.317098898345684
0.5462279711035333,0.5058455402478171,0.3179928212558463
0.5422331797232056,0.5006010168755588,0.31881136901157286
0.5382427168283729,0.4953723057397655,0.3195589673671466
0.5342571710890911,0.4901590619788115,0.320234700362482
0.5302758896807832,0.48496112120755136,0.32084286762054287
0.5263001171752073,0.47977915002354043,0.32138472819049074
0.5223280969938525,0.4746109168776807,0.32185897399627444
0.5183601372067221,0.46945722445481847,0.3222706706626673
0.5143967222068295,0.4643177352492169,0.32261906211167446
0.5104371376285962,0.45919228249615046,0.32290830462960884
0.5064817089425422,0.45408057870079044,0.3231377736366202
0.5025297493541258,0.448982429515054,0.323311616098847
0.4985813896726454,0.4438976118324326,0.32342936706440856
0.49463674349840686,0.43882693642349657,0.3234960958402579
0.4906937607442998,0.4337682833017264,0.32351083223368277
0.48675299407305334,0.4287225066511719,0.3234753834979101
0.48281335352581384,0.4236895491539312,0.32339400816182257
0.47887443429950377,0.41866937795969816,0.32326663982060455
0.47493478535836314,0.4136620890748053,0.3230975607507304
0.47099388669459813,0.40866769442221135,0.3228867500098775
0.46704971576066595,0.40368655432770506,0.32263842692009637
0.4631011666900537,0.3987188759446402,0.32235350644048444
0.45914756245968363,0.39376603430719553,0.32203390864887077
0.45518484426638967,0.38882672444987604,0.32168059387036274
0.45121205749390597,0.38390246776858317,0.3212954768207816
0.44722694873450747,0.3789940577030603,0.32087926994176436
0.44322749479013746,0.3741022344518753,0.32043218970418064
0.43921151614768655,0.36922789586663407,0.31995369794142375
0.4351772434140646,0.36437180528019236,0.31944274308671927
0.4311231010969656,0.35953475127058726,0.3188971636352104
0.4270492192800216,0.3547181620386068,0.3183148199977647
0.4229534793946217,0.34992050190199403,0.31769042389911056
0.4188373881094225,0.34514268707309775,0.3170204222944247
0.41470270304865475,0.34038417647019664,0.3162999572702395
0.41055183261174577,0.3356440888599182,0.31552434600404883
0.40638840202623455,0.3309209329349659,0.3146888602436973
0.4022168528819446,0.3262127301148018,0.313789374053465
0.3980419747825922,0.3215171778118009,0.3128229545969964
0.39386925905577264,0.31683148666884253,0.31178758050107414
0.38970499894121546,0.31215364285825115,0.3106834882288353
0.3855525621383686,0.30747876455319384,0.30950987865481505
0.38141785442530823,0.3028046234299293,0.308269718026077
0.37730506463844715,0.29812828744066316,0.30696630200288466
0.3732178453971854,0.2934468916328659,0.3056041313309041
0.3691589355575737,0.28875790352815295,0.3041882435093538
0.3651305503467802,0.28405891987671633,0.30272421210498535
0.3611339191788066,0.2793479279188675,0.30121797948995854
0.3586791793119377,0.27708236690162175,0.30179034016018624
0.36076641416852157,0.2821826052234059,0.30865938614134
0.36286075550955726,0.2872712664898493,0.31547062517903574
0.364967690308986,0.29234710107818435,0.32222346740013996
0.3670930705676708,0.2974086230975154,0.3289182536565375
0.3692425833397375,0.30245437605773373,0.33555626841222447
0.3714216625977823,0.30748291393146654,0.3421401572449602
0.37363561210473867,0.31249276208733656,0.3486736200000699
0.37588890206268694,0.3174827244040708,0.3551615873165687
0.3781844751643218,0.32245082555283533,0.3616094640772045
0.38052698902680676,0.32739817046012,0.3680262824835124
0.3829171981697152,0.3323235458368328,0.3744192151312475
0.38535575339549244,0.3372269534987631,0.3807972021658415
0.38784192617042057,0.3421089319055558,0.3871693593320614
0.39037407339990937,0.34697031863075467,0.39354500812317494
0.39294930583515897,0.3518124437532026,0.39993321330880477
0.39556406054958976,0.3566368485013794,0.40634287624518645
0.39821301912049545,0.36144451151973467,0.4127811866001504
0.40089317029509886,0.36623932892564426,0.41925744006346116
0.4035985333193603,0.3710225021458804,0.42577758588176695
0.4063237354405419,0.3757963038121217,0.43234748270631534
0.40906362921564915,0.3805629003516933,0.4389722650501765
0.4118129957615822,0.3853244716385996,0.44565649227872844
0.4145668528154536,0.39008311883808866,0.45240387370062835
0.4173206404970281,0.39484075844274813,0.45921757111597916
0.42006985016630893,0.3995992642237037,0.4661003952984643
0.4228096089948075,0.40435937011957607,0.4730534855569081
0.42553788706195356,0.40912448076941704,0.48008124446959094
0.4282504073142959,0.41389518522678137,0.4871832093571014
0.43094385575863464,0.4186726505902773,0.49436228684449274
0.4336154325583815,0.42345818382905004,0.501618235794354
0.43626229261975624,0.4282527189091083,0.5089537162430119
0.43888195127354446,0.433057308179105,0.5163689997940887
0.44147234347265285,0.4378728194679897,0.5238642788914651
0.4440300219812901,0.4426990334961344,0.5314410835188326
0.44655508625717133,0.44753866377341006,0.5391006604728756
0.4490444792406037,0.4523912828217744,0.5468445980248524
0.45149657903277446,0.4572576153939075,0.5546721111527992
0.4539094209356798,0.46213806631606985,0.5625858421115714
0.45628139586346633,0.467033205680996,0.5705858766729429
0.45861107377846433,0.47194352100067144,0.57867227984256
0.4608964741406802,0.47686934170488054,0.5868478447825958
0.46313639459057593,0.4818111428768523,0.5951117747277601
0.46532790530148865,0.48676822343317744,0.603465979691692
0.4674717752068011,0.4917429388040963,0.6119116966418773
0.4695650399686839,0.49673454502161235,0.6204509775348024
0.4716063273796491,0.5017433774201789,0.6290840498254916
0.4735942580070492,0.5067697625630213,0.6378111138886775
0.47552679678213033,0.5118138402953977,0.6466354526672305
0.4774026625010079,0.5168759893910804,0.6555563078841303
0.47921979347468585,0.5219562942127253,0.6645771134290166
0.4809759406769581,0.5270541000028511,0.673696080575529
0.4826706463460198,0.5321715263418453,0.6829188765859708
0.4843015273835191,0.5373077741132886,0.6922448556105173
0.4858668475661901,0.5424631337519308,0.7016743795378423
0.4873642121347466,0.5476376298651243,0.7112112650837868
0.4887921515929205,0.5528315590701572,0.7208547931492388
0.49014785075064465,0.5580450095661994,0.7306089454893154
0.49142998038660884,0.5632781816837543,0.7404730044154778
0.49263543820266104,0.5685311738046581,0.7504511197590894
0.49376141172607363,0.5738030971354098,0.7605427605721181
0.4948077587050919,0.5790962076316876,0.7707506066657291
0.49577011549392286,0.5844095309708647,0.7810779862940933
0.4966468198268766,0.5897432373822127,0.7915241875735165
0.49907306680542035,0.5953223562372896,0.7968290495662163
0.5031420556586489,0.60112226051875,0.7969729556633129
0.5072455909300078,0.6069113037062105,0.79720998509843
0.5113813805324233,0.6126909208691652,0.7975413817067901
0.5155475129173335,0.618461716648443,0.7979621872677984
0.5197438661419819,0.6242272579800321,0.798474684775885
0.523967547136297,0.6299878606352243,0.7990777987541076
0.5282175713067364,0.6357450520405656,0.7997679498931427
0.5324916069209477,0.6415001011138958,0.8005464608652402
0.5367887407174193,0.6472544307316759,0.8014098872136168
0.5411063027712706,0.6530093619291935,0.8023595818746626
0.5454436228251518,0.6587661749676738,0.8033921863372866
0.5497983060728348,0.6645262062069346,0.8045079143011138
0.5541672545220273,0.670289599152304,0.8057057535386166
0.5585514986716409,0.6760598243387175,0.8069847539226934
0.5629471313965161,0.6818371024248662,0.8083450413016888
0.5673532855847131,0.6876226449950262,0.8097834212165935
0.5717669069928023,0.6934177883580268,0.8113010663620621
0.5761870264144127,0.6992237393374457,0.8128947904767179
0.5806109204563502,0.7050418420319955,0.8145646189289654
0.5850362104999174,0.7108733418721707,0.8163104150634092
0.589460587435453,0.7167183720373475,0.8181278022257328
0.5938826007652412,0.7225806325023753,0.8200199234320795
0.5983000344420154,0.7284602173940599,0.821982288248074
0.6027096947651228,0.7343584901907059,0.824015457461639
0.6071100496396703,0.7402767547961677,0.8261160048781458
0.6114982590699136,0.7462163785106537,0.8282833078474953
0.6158714702868909,0.7521787400763928,0.8305165834379168
0.6202280531905231,0.7581651616740406,0.832812143769103
0.6245647228359428,0.7641770526522167,0.8351698731367191
0.6288787115566998,0.7702145864631674,0.8375846943978882
0.6331690005577967,0.7762814685935726,0.840058522573867
0.6374328504879473,0.7823778670649338,0.8425860466464316
0.6416674881904776,0.788505149987916,0.8451656483192728
0.6458713314715737,0.7946643500796899,0.8477953538319613
0.6500406809534418,0.8008573677355639,0.8504710034276796
0.6541737356519891,0.8070852096201938,0.8531911911805259
0.6582691625880304,0.8133490907106318,0.8559511716268393
0.6623232943282941,0.8196490632997236,0.8587478984664324
0.6663368932759026,0.8259886616436297,0.8615798112196679
0.6703070323594552,0.832367831592436,0.8644425631046893
0.6742322481955844,0.8387876464155224,0.8673325095932389
0.6781111345520329,0.8452491286036089,0.8702461810667761
0.681942451723228,0.8517532421396817,0.8731800527580014
0.6857252173525344,0.8583008893019818,0.8761303225843596
0.6894585263706926,0.8648929122589212,0.8790934121239359
0.6931416458601335,0.8715300892635995,0.8820657426752972
0.6967728980861861,0.878211898338525,0.8850422756677663
0.7003542552751647,0.8849414625234188,0.8880219591789887
0.7038842811631837,0.8917181400122288,0.8910000876313297
0.7073629456004742,0.898542465431001,0.8939730167442956
0.71079162377433,0.9054145351646183,0.8969373271730894
0.7141678281594451,0.9123355249294332,0.8998899142977748
0.7174931624502003,0.9193054298074644,0.9028275535995193
0.7207680643218781,0.9263245808361731,0.9057469938389334
0.7239917654674198,0.9333919754905147,0.9086440770540951
0.727167267325577,0.9405104213671298,0.9115185882886132
0.7302939994419986,0.9476788603553103,0.9143663814621021
0.7333726144034672,0.9548974750577518,0.9171849610450573
0.7364038054618183,0.9621664226657308,0.9199719666769395
0.7393883357564978,0.96948585319024,0.9227249094118944
0.7423269343536123,0.9768558868326519,0.9254417131931574
0.7452203588220099,0.9842766385732876,0.9281202881278702
0.7480693581427319,0.9917482134829442,0.93075869222558
0.7472993005879853,0.9883348058652427,0.9240923858380213
0.7452690888290138,0.98132519745924,0.9143754931261812
0.7431709549311242,0.9743635687510773,0.9047036587136015
0.7410080549141707,0.9674493119407178,0.8950731225292375
0.7387821736891309,0.960582179873896,0.8854801386834048
0.7364994885105786,0.9537606646591498,0.8759210012983731
0.7341619481580128,0.9469844555251622,0.8663916123241779
0.7317730331179472,0.9402527657333856,0.8568881167746603
0.7293375576760512,0.9335660413414095,0.8474078700999498
0.7268567705809759,0.9269208373229458,0.8379441707902626
0.724335710963507,0.9203174948983361,0.8284943452686208
0.7217782988455921,0.9137550051664405,0.8190544760432545
0.7191885708617033,0.907232322652522,0.8096203820425211
0.7165706586645175,0.9007483166284118,0.8001882182251445
0.7139287893926785,0.8943017945377234,0.7907542123267313
0.7112672786351726,0.8878915284067818,0.7813143849413371
0.7085905034531782,0.8815162068818683,0.7718651694803941
0.705904071121735,0.8751756974526469,0.7624043277534691
0.7032100739151167,0.8688661328587935,0.7529259109931529
0.7005141548334144,0.8625872882615025,0.7434280312296642
0.6978207463131837,0.8563376589029265,0.7339078174437886
0.6951331091366665,0.8501160819772927,0.7243622272255804
0.692457810523846,0.8439202924729549,0.7147889927028434
0.6897978982383044,0.8377490712442518,0.7051857719127359
0.68715741261028,0.831600831172948,0.6955506681930453
0.6845413566892411,0.8254751736021977,0.6858833022856113
0.6819511744876354,0.8193682243296886,0.6761786559778634
0.6793914169878086,0.81327957165319,0.6664375588294847
0.6768651921152457,0.8072076260537921,0.6566602463564066
0.6743755798401044,0.801151052727688,0.6468436299170385
0.6719250339022202,0.7951082757465531,0.63698963536419
0.6695160817912613,0.7890780469775747,0.6270955628600562
0.6671505293555292,0.7830589106016865,0.6171638123631712
0.6648303202290698,0.7770497270201764,0.607191996831691
0.6625578445269236,0.7710503874728101,0.5971826920585627
0.66033181254749,0.7650574031056758,0.5871354357707994
0.6581544138939983,0.7590709770750489,0.5770492164289505
0.6560258193770927,0.7530900241254528,0.5669272190327656
0.6539455670856161,0.7471140532175116,0.5567674210183294
0.6519152604601431,0.7411414637235793,0.5465731598725624
0.6499339628231839,0.735171886136887,0.5363423833926653
0.6480007414951722,0.7292045368717036,0.5260784530237953
0.6461165508356985,0.7232398741931111,0.5157802269317658
0.6442776853807982,0.7172751655836203,0.5054475600922745
0.6424839797766714,0.7113109437233692,0.49508334645035684
0.6407348475572613,0.7053466892812941,0.48468508323621345
0.6390282025157992,0.6993819998673351,0.47425584486130107
0.6373631432899677,0.6934164648946713,0.46379280148360186
0.6357376304994766,0.6874496771410634,0.4532987561390481
0.6341503153071286,0.6814813890152859,0.44277047564065514
0.6325993620548527,0.6755112349711125,0.43220890423430514
0.6310835119205036,0.6695401173732104,0.4216157844422916
0.6295994707011643,0.6635655769474846,0.4109851374595355
0.628145893947,0.6575884771598265,0.40031967079047504
0.6267212800200749,0.6516086620708449,0.3896146668208715
0.6253232569485704,0.6456259258737156,0.37887121318241845
0.6239503257064858,0.6396401308620027,0.3680837376979489
0.6226004145946625,0.6336510806161987,0.3572508775087387
0.6212710470952335,0.6276587520057828,0.3463708180927461
0.6199621018169937,0.6216639648313017,0.33543713297225036
0.6186689821503721,0.6156645364819557,0.3244464509045723
0.6173913282049327,0.6096614026441621,0.3133907211882614
0.6161267407798487,0.6036544850234392,0.30226664238697476
0.61487387413995,0.5976436607706381,0.2910629767832295