0.6222035743956664,0.6767066677102048,0.22682806900415597
0.6192343367551222,0.6728096567995051,0.23462389845206133
0.6162761053163548,0.6689166103073195,0.24209878532345586
0.6133296128484802,0.6650299213160139,0.24928723080371773
0.6103947359094282,0.6611483306757758,0.25620638158031456
0.6074704187474608,0.6572719631613595,0.2628812671008995
0.6045565182229969,0.653399587083475,0.2693234085609917
0.6016538005922463,0.6495335563568418,0.2755545767854781
0.5987616666100181,0.6456726988076867,0.28158473832220193
0.5958803968612473,0.6418169715170922,0.28742344804140285
0.5930080851034989,0.6379653798879074,0.29308470322251234
0.590147230075309,0.6341200462561633,0.2985752913615646
0.5872959438034218,0.6302799669624841,0.3039069485389514
0.5844550302193026,0.6264450203766116,0.30908298985747484
0.5816222468973629,0.6226143467328901,0.3141134512131332
0.5788000224484061,0.6187899685950824,0.31900423539474987
0.5759875730638301,0.6149708170786149,0.32375809725680366
0.5731840773860978,0.6111569381837871,0.32838407188449215
0.5703888997949498,0.6073473337969731,0.3328820775316638
0.5676032686277067,0.6035441196066705,0.33726201473321915
0.564826768554117,0.5997462186623435,0.34152316933535287
0.5620586096229165,0.5959536691397871,0.345672842290367
0.5592977632721505,0.5921655270618476,0.3497116223243959
0.5565465631154628,0.588383809743604,0.35364265608106327
0.5538032311781642,0.5846075227475851,0.35747140091819346
0.5510680823185067,0.5808367399379584,0.3611970330799038
0.5483393627452047,0.5770704765411669,0.3648245011563015
0.5456196031768169,0.5733107689588895,0.3683545103050707
0.5429070590250803,0.5695566295968282,0.37179156968105964
0.5402020075196693,0.5658081549087639,0.37513435029828035
0.5375027266480048,0.562064368363486,0.37838697191473264
0.5348114783027632,0.5583272814906566,0.38155128550858897
0.5321271824647101,0.5545960123601953,0.38462638638713875
0.5294491322708655,0.5508705923049947,0.38761680149944655
0.5267767750432117,0.5471500764068138,0.3905198387811322
0.5241113971941874,0.5434364955645139,0.3933415556694975
0.5214522106500368,0.5397289955559855,0.3960791480621137
0.5187985268611015,0.5360276167423536,0.3987365499070849
0.516149458470054,0.5323314550210605,0.40131223593249576
0.5135071009407567,0.5286425465158738,0.40380769201321687
0.5108697368696069,0.5249600716155967,0.40622428334365146
0.5082373072282939,0.521284102397261,0.40856228847787884
0.5056087286160237,0.5176137438245401,0.41082110652174614
0.5029855386991066,0.5139511579957705,0.41300298027601695
0.5003666336746587,0.5102954726656431,0.41510709609156404
0.4977517062997455,0.5066468441344042,0.41713385214728266
0.49513963025008834,0.5030044442208633,0.41908217410714693
0.4925319187038812,0.4993704822750947,0.42095367151992324
0.4899273369534947,0.4957441668266644,0.42274735121782764
0.4873255901623463,0.49212574548253446,0.42446259306934936
0.48472547201809896,0.48851450331370216,0.426097627619693
0.4821283320598225,0.48491274800974465,0.42765363000110135
0.47953289892576784,0.48131984921532095,0.4291282794436909
0.47693785420063955,0.47773524539557266,0.430518893876939
0.47434441332188376,0.47416141146161234,0.43182551577583833
0.47175112878810427,0.4705979542540473,0.43304441535067256
0.469157339709072,0.46704559888229796,0.4341720407334762
0.46656130404838775,0.4635042570696814,0.4352031564947779
0.4639638068216368,0.45997703696395426,0.4361335314159686
0.4613627332470454,0.45646445440236044,0.4369538163690946
0.45875627754496734,0.45296861424292517,0.43765224222048393
0.4561409507969228,0.4494917211283726,0.43820919882219866
0.4535144733025409,0.4460409807364481,0.4385940475409058
0.4508668631193495,0.4426269592140497,0.43873348231896775
0.4496401017413573,0.44079687237545717,0.4396140556869625
0.45287860777171,0.4434444292533031,0.4445560623392756
0.45615074297930597,0.4460557079070872,0.4497464125050007
0.4594469446809016,0.44864533570778725,0.4550931702295667
0.46276386966378674,0.45121771848116127,0.4605654411772076
0.4661009072871419,0.45377594397962995,0.46614842144835905
0.4694552573646778,0.4563193096064991,0.4718310289249445
0.472827379777277,0.45884948168264655,0.4776081226456634
0.4762171247506633,0.46136683792547045,0.4834755710110134
0.47962519073409104,0.46387260990951357,0.4894316058673343
0.48304968971740675,0.4663649762045154,0.4954722615151362
0.48649171685716436,0.46884486868734615,0.5015970446616004
0.4899512259891861,0.4713122697816667,0.5078051400098671
0.4934294146448574,0.4737679882888594,0.5140968637332376
0.496924511982399,0.47620994324019544,0.5204699554835948
0.5004377820754008,0.47863885271284773,0.52692521195657
0.5039692984244869,0.48105452130261045,0.5334628440240725
0.5075203779034398,0.4834576074914683,0.5400839951050431
0.5110894128658275,0.4858458571899354,0.5467869885504192
0.514677509726949,0.4882199494595613,0.5535734136177403
0.5182850578042341,0.49057949937346407,0.5604437654223008
0.5219133840416339,0.4929250956792491,0.567399598240032
0.5255608888947987,0.49525435618688757,0.5744398578057041
0.5292287821405043,0.49756788528134727,0.5815662139131048
0.532917513672732,0.4998652027605928,0.5887794533434629
0.5366284273841226,0.5021467932855004,0.5960817056530706
0.5403600414903845,0.5044101948021874,0.6034716673167339
0.5441134840078483,0.5066558707265415,0.6109521625235707
0.5478894826734033,0.5088833477858766,0.6185226512217341
0.55168925328635,0.5110928542116545,0.6261874022252445
0.5555113683418015,0.5132820553824284,0.6339434066621296
0.5593570698201485,0.5154511117762434,0.6417951023033883
0.5632269725566429,0.5175994484824554,0.649742700262516
0.5671227951651026,0.5197274277200998,0.6577874296719554
0.571042560139096,0.5218322651207196,0.6659308459953714
0.5749881525610201,0.5239143620867595,0.6741730884871495
0.578959813493885,0.525972749905201,0.6825179868341915
0.5829594655785643,0.5280077927733248,0.690965702004462
0.5869851771594745,0.530016532946915,0.6995181035952367
0.5910387579696953,0.5319991624626808,0.7081766320534425
0.5951220378238726,0.5339558644782895,0.7169426979920543
0.5992331253148049,0.5358835327793013,0.7258184143047467
0.6033740095797165,0.5377824088711101,0.7348039468684363
0.6075450659132487,0.5396511943259643,0.7439037488524602
0.6117483233987799,0.5414900788754929,0.7531180025859769
0.6159819535581093,0.5432957279266182,0.7624491617841107
0.6202478912457892,0.5450680956577935,0.7718988527764701
0.6245469567456292,0.546806154942684,0.7814675571553884
0.6288807799880595,0.5485092720537077,0.7911613256286613
0.6332480601828926,0.5501745651590602,0.8009770127205396
0.6376504771529564,0.5518012569903483,0.8109208713561733
0.6420891309845473,0.5533882639997175,0.8209920041101059
0.6465654721247477,0.5549348190954524,0.831196806380577
0.651078441947283,0.5564374635024559,0.8415338278867158
0.6556300303212391,0.5578958377321217,0.8520048156050312
0.660221036436515,0.5593077210530345,0.8626155004312365
0.6648533852706586,0.5606729793259085,0.8733659926265105
0.6695258327749051,0.5619871173922594,0.8842600398086518
0.6742405434288633,0.5632497617776934,0.8952978142534492
0.6789984602160268,0.564458266764528,0.9064855360563958
0.6838015151021535,0.5656119471285251,0.9178251847372665
0.6886487838561293,0.5667067333010714,0.9293154080483044
0.6935423922825272,0.567740645418708,0.9409639455288207
0.6984833185859514,0.5687120142374927,0.9527697894946678
0.7018419779501669,0.5720475874414055,0.9563415284490439
0.7036208891109398,0.5777317037210582,0.9516655499185643
0.7054528651678479,0.5833371515800806,0.9471312247012745
0.7073363987802015,0.5888677270680072,0.9427389903224532
0.7092710371103423,0.5943294354970117,0.938482855080518
0.7112529690855319,0.5997238604150599,0.9343591974074068
0.7132819948101465,0.6050553982192081,0.9303679396737911
0.7153568190745885,0.610328116124025,0.9265025142406674
0.7174770687202241,0.615545827358408,0.9227647640610482
0.7196394078415017,0.6207099793990144,0.9191461731307534
0.7218437622660149,0.6258239274604491,0.9156487568649164
0.7240891083163921,0.6308908629581429,0.9122666130622551
0.7263753713542973,0.635914170025892,0.9090001740832752
0.7286990909458763,0.6408939359688216,0.9058463768687246
0.7310608279459353,0.6458337683290529,0.9028010067043063
0.7334592924990466,0.6507354687730936,0.8998650451705067
0.7358948542968807,0.6556025320546951,0.8970344605710943
0.7383643639227456,0.6604342347319195,0.8943080829054442
0.7408682794052236,0.6652338272119178,0.891682133138132
0.7434056819888829,0.670002838526564,0.8891563055742732
0.7459767050027232,0.6747438817959438,0.8867314089783751
0.748578860589638,0.6794564710091897,0.8844006315102282
0.7512121963895416,0.6841429238870761,0.8821663233557339
0.753876354135077,0.6888048681198539,0.8800241572947213
0.7565714487657726,0.6934445127634457,0.8779765371183348
0.759295104430024,0.6980610248884854,0.8760170717948723
0.7620476375755537,0.7026566125280318,0.8741469057204613
0.7648293968270445,0.70723345533569,0.8723671695736792
0.7676380753041459,0.7117905054496196,0.8706717644858608
0.7704739054412086,0.7163297400764982,0.8690631989605825
0.7733367402390594,0.7208523113091123,0.867537851744041
0.7762268697177425,0.7253601316087921,0.8660982779713506
0.7791420625384851,0.7298519117281385,0.8647387476279853
0.782082811533228,0.7343295683723045,0.863460684851436
0.7850485603079017,0.7387938278285775,0.8622643502935724
0.7880403636087425,0.7432467743633528,0.8611477477203002
0.7910553712126396,0.7476866382706445,0.8601100763135423
0.7940946761387568,0.7521154172406211,0.8591495261872352
0.7971576129577077,0.7565337026069253,0.8582672064873038
0.8002453734504223,0.7609432464416772,0.8574628667804425
0.803355193655615,0.7653423602351844,0.8567339231503991
0.8064880309059194,0.7697327671862395,0.8560808912116201
0.8096435530746894,0.7741150300689899,0.855503478858432
0.8128228764187632,0.7784907428693754,0.8550027107283813
0.8160233769071539,0.7828580969637714,0.8545757752931049
0.8192460471303152,0.787218694196454,0.8542238413102007
0.822490635609293,0.7915729780698134,0.8539469716086934
0.8257583958848405,0.7959224505146572,0.8537463068526738
0.8290467151522333,0.8002651373284843,0.8536197730218572
0.8323566149078916,0.804602556636031,0.8535690308542455
0.8356882146173079,0.8089349267164782,0.8535945043599923
0.8390426094235218,0.8132637012880661,0.8536982644127395
0.8424173758023974,0.8175866835403911,0.853878961720261
0.8458136909268238,0.821905215057851,0.8541392506257077
0.8492318297632958,0.8262192961724758,0.854480791293988
0.852673104661751,0.8305301273649996,0.854907207858204
0.8561352370061839,0.834835178227894,0.855419214841875
0.8596200094395499,0.8391352867419953,0.8560219829078706
0.8631278489417504,0.84342996494261,0.8567211496633975
0.8666608467149739,0.8477195308728681,0.8575259163993088
0.870217821327231,0.852000081538445,0.8584455350218868
0.8738021572564331,0.8562702197421793,0.8595007297105574
0.8774181160472238,0.8605246244800459,0.860728986482395
0.8810797360599653,0.8647481898752333,0.8622423078591529
0.8787876648994969,0.863229624375984,0.8575533801428359
0.8744391097395954,0.8599097615961319,0.8501002524257892
0.8700724154360836,0.8566385639032514,0.8423826232239654
0.8656968002324564,0.8534011441689441,0.8344854119116705
0.8613195749792337,0.8501935317686043,0.826450119088763
0.8569423690754197,0.8470106041835247,0.8182982381383445
0.8525672195788977,0.8438496749014163,0.8100443200741547
0.8481941793502487,0.840707580021298,0.8016977516879079
0.8438269884816176,0.8375850886580233,0.7932687690170722
0.8394652741636713,0.8344797265393264,0.7847619054609154
0.8351097667195477,0.8313903851919243,0.7761820071769668
0.8307597769487819,0.8283149365452478,0.7675318648415052
0.826418544531646,0.825254858447254,0.758816660462196
0.8220852379875607,0.8222082087386816,0.7500379641825718
0.817758986154148,0.8191731237379826,0.7411969547380842
0.8134428720629946,0.8161512603112783,0.7322974817899192
0.8091359554551891,0.813140845883093,0.7233400959895606
0.8048385763519227,0.8101412986725217,0.7143262656303243
0.8005498427387623,0.8071509344448252,0.7052557022871512
0.7962726495494575,0.8041715076984609,0.6961317416803304
0.7920059897537344,0.8012013694063552,0.6869541994016735
0.7877502267953377,0.7982400385170827,0.6777234278981684
0.7835043457213824,0.7952859149256216,0.668439001141623
0.7792712066533743,0.792340801184923,0.6591035320374462
0.7750497754994969,0.7894031212023235,0.6497163699462407
0.7708401556647599,0.786472480922487,0.640278042876366
0.7666420154045391,0.7835472348827851,0.6307857684114775
0.762457598465723,0.7806293151439848,0.6212429971221408
0.7582856860549493,0.7777171435827218,0.611650157101279
0.7541270551239643,0.7748103904872605,0.602003784159305
0.749980404637433,0.7719074095696546,0.5923057568031265
0.7458488236449687,0.7690101778525553,0.5825544779552977
0.7417307577234048,0.766117150925434,0.5727516901566465
0.737627003365535,0.7632280127817247,0.5628933462891147
0.7335365795051505,0.7603411642029185,0.5529792711800566
0.7294615426522477,0.7574585696419336,0.5430124070598954
0.7254015676073607,0.7545787776260561,0.532987131913152
0.7213564394758052,0.7517013531129065,0.5229057148483967
0.7173258634813556,0.7488248579065658,0.5127621487825704
0.7133116107218666,0.7459512273441624,0.5025604805982548
0.7093133925045387,0.7430790242627089,0.49229420813017727
0.70533095682324,0.7402078488512539,0.48196491521610146
0.7013640450044591,0.7373362756831991,0.4715655375268912
0.6974146136868288,0.7344662895892409,0.4610972967509285
0.6934816415089073,0.7315963806655511,0.45055810289847625
0.689565995253071,0.7287262491420725,0.43994074058601085
0.6856660225760478,0.7258545181045651,0.42924429219186105
0.6817847938397575,0.7229831223478039,0.4184624839918175
0.6779208843354328,0.7201106112537596,0.40759339552665397
0.6740751807781886,0.7172366886937414,0.3966274407849935
0.6702464060288801,0.7143599925180385,0.38555932189288716
0.6664363822051501,0.7114825489829565,0.3743858620474062
0.6626453131426417,0.7086028151695108,0.36309360071282565
0.6588724192946703,0.7057206508753531,0.35167727715244906
0.6551175350834347,0.7028346647407678,0.3401206120796222
0.6513823909671445,0.6999468024591179,0.3284171240397062
0.6476668262859459,0.6970556732862895,0.31654646388022406
0.6439705780473871,0.6941610848661103,0.3044932996422719
0.6402921647170843,0.6912618156515713,0.29223830440108245
0.6366350291915716,0.6883596304522507,0.27975379165246334
0.6329972172541719,0.6854533783910352,0.26701373949885787
0.6293797871671397,0.6825427323280583,0.2539766229840528
0.6257807630805736,0.6796265756659354,0.2406014423280582
0.6222035743956664,0.6767066677102048,0.22682806900415597